 180   Amps (Ilim=180) 
 0.2   r0[m] 
 401   Nz data points 
 z[m]  EngeProd 
 -1   0.00283245 
 -0.995   0.00298442 
 -0.99   0.00314401 
 -0.985   0.00331158 
 -0.98   0.00348751 
 -0.975   0.00367219 
 -0.97   0.00386601 
 -0.965   0.00406942 
 -0.96   0.00428284 
 -0.955   0.00450675 
 -0.95   0.00474162 
 -0.945   0.00498796 
 -0.94   0.0052463 
 -0.935   0.00551718 
 -0.93   0.00580116 
 -0.925   0.00609886 
 -0.92   0.00641089 
 -0.915   0.00673789 
 -0.91   0.00708055 
 -0.905   0.00743956 
 -0.9   0.00781566 
 -0.895   0.00820962 
 -0.89   0.00862223 
 -0.885   0.00905433 
 -0.88   0.00950677 
 -0.875   0.00998046 
 -0.87   0.0104763 
 -0.865   0.0109954 
 -0.86   0.0115386 
 -0.855   0.0121071 
 -0.85   0.012702 
 -0.845   0.0133243 
 -0.84   0.0139754 
 -0.835   0.0146564 
 -0.83   0.0153687 
 -0.825   0.0161135 
 -0.82   0.0168924 
 -0.815   0.0177067 
 -0.81   0.0185581 
 -0.805   0.019448 
 -0.8   0.0203781 
 -0.795   0.0213502 
 -0.79   0.0223659 
 -0.785   0.0234273 
 -0.78   0.0245361 
 -0.775   0.0256944 
 -0.77   0.0269043 
 -0.765   0.0281678 
 -0.76   0.0294874 
 -0.755   0.0308652 
 -0.75   0.0323037 
 -0.745   0.0338054 
 -0.74   0.035373 
 -0.735   0.037009 
 -0.73   0.0387163 
 -0.725   0.0404978 
 -0.72   0.0423566 
 -0.715   0.0442956 
 -0.71   0.0463182 
 -0.705   0.0484277 
 -0.7   0.0506276 
 -0.695   0.0529213 
 -0.69   0.0553128 
 -0.685   0.0578057 
 -0.68   0.060404 
 -0.675   0.0631119 
 -0.67   0.0659336 
 -0.665   0.0688734 
 -0.66   0.0719358 
 -0.655   0.0751255 
 -0.65   0.0784472 
 -0.645   0.081906 
 -0.64   0.0855068 
 -0.635   0.0892549 
 -0.63   0.0931557 
 -0.625   0.0972147 
 -0.62   0.101438 
 -0.615   0.10583 
 -0.61   0.110398 
 -0.605   0.115148 
 -0.6   0.120086 
 -0.595   0.125218 
 -0.59   0.130552 
 -0.585   0.136092 
 -0.58   0.141847 
 -0.575   0.147823 
 -0.57   0.154028 
 -0.565   0.160467 
 -0.56   0.167149 
 -0.555   0.174081 
 -0.55   0.18127 
 -0.545   0.188724 
 -0.54   0.196449 
 -0.535   0.204454 
 -0.53   0.212746 
 -0.525   0.221332 
 -0.52   0.23022 
 -0.515   0.239417 
 -0.51   0.24893 
 -0.505   0.258767 
 -0.5   0.268936 
 -0.495   0.279441 
 -0.49   0.290291 
 -0.485   0.301492 
 -0.48   0.31305 
 -0.475   0.324971 
 -0.47   0.337261 
 -0.465   0.349924 
 -0.46   0.362967 
 -0.455   0.376392 
 -0.45   0.390204 
 -0.445   0.404406 
 -0.44   0.419001 
 -0.435   0.433991 
 -0.43   0.449378 
 -0.425   0.465161 
 -0.42   0.481342 
 -0.415   0.497918 
 -0.41   0.514889 
 -0.405   0.532252 
 -0.4   0.550004 
 -0.395   0.568139 
 -0.39   0.586652 
 -0.385   0.605537 
 -0.38   0.624786 
 -0.375   0.64439 
 -0.37   0.664341 
 -0.365   0.684626 
 -0.36   0.705235 
 -0.355   0.726153 
 -0.35   0.747368 
 -0.345   0.768863 
 -0.34   0.790623 
 -0.335   0.812631 
 -0.33   0.834867 
 -0.325   0.857313 
 -0.32   0.879949 
 -0.315   0.902754 
 -0.31   0.925705 
 -0.305   0.948782 
 -0.3   0.971959 
 -0.295   0.995215 
 -0.29   1.01852 
 -0.285   1.04186 
 -0.28   1.0652 
 -0.275   1.08852 
 -0.27   1.1118 
 -0.265   1.135 
 -0.26   1.15811 
 -0.255   1.18109 
 -0.25   1.20393 
 -0.245   1.2266 
 -0.24   1.24907 
 -0.235   1.27132 
 -0.23   1.29333 
 -0.225   1.31508 
 -0.22   1.33654 
 -0.215   1.3577 
 -0.21   1.37853 
 -0.205   1.39901 
 -0.2   1.41913 
 -0.195   1.43887 
 -0.19   1.45822 
 -0.185   1.47715 
 -0.18   1.49566 
 -0.175   1.51373 
 -0.17   1.53134 
 -0.165   1.5485 
 -0.16   1.56518 
 -0.155   1.58139 
 -0.15   1.5971 
 -0.145   1.61232 
 -0.14   1.62704 
 -0.135   1.64125 
 -0.13   1.65494 
 -0.125   1.66812 
 -0.12   1.68079 
 -0.115   1.69293 
 -0.11   1.70454 
 -0.105   1.71564 
 -0.1   1.72621 
 -0.095   1.73625 
 -0.09   1.74576 
 -0.085   1.75476 
 -0.08   1.76322 
 -0.075   1.77117 
 -0.07   1.77859 
 -0.065   1.78549 
 -0.06   1.79187 
 -0.055   1.79774 
 -0.05   1.80308 
 -0.045   1.80792 
 -0.04   1.81224 
 -0.035   1.81604 
 -0.03   1.81934 
 -0.025   1.82213 
 -0.02   1.82441 
 -0.015   1.82618 
 -0.01   1.82744 
 -0.005   1.8282 
 8.20524e-16   1.82846 
 0.005   1.8282 
 0.01   1.82744 
 0.015   1.82618 
 0.02   1.82441 
 0.025   1.82213 
 0.03   1.81934 
 0.035   1.81604 
 0.04   1.81224 
 0.045   1.80792 
 0.05   1.80308 
 0.055   1.79774 
 0.06   1.79187 
 0.065   1.78549 
 0.07   1.77859 
 0.075   1.77117 
 0.08   1.76322 
 0.085   1.75476 
 0.09   1.74576 
 0.095   1.73625 
 0.1   1.72621 
 0.105   1.71564 
 0.11   1.70454 
 0.115   1.69293 
 0.12   1.68079 
 0.125   1.66812 
 0.13   1.65494 
 0.135   1.64125 
 0.14   1.62704 
 0.145   1.61232 
 0.15   1.5971 
 0.155   1.58139 
 0.16   1.56518 
 0.165   1.5485 
 0.17   1.53134 
 0.175   1.51373 
 0.18   1.49566 
 0.185   1.47715 
 0.19   1.45822 
 0.195   1.43887 
 0.2   1.41913 
 0.205   1.39901 
 0.21   1.37853 
 0.215   1.3577 
 0.22   1.33654 
 0.225   1.31508 
 0.23   1.29333 
 0.235   1.27132 
 0.24   1.24907 
 0.245   1.2266 
 0.25   1.20393 
 0.255   1.18109 
 0.26   1.15811 
 0.265   1.135 
 0.27   1.1118 
 0.275   1.08852 
 0.28   1.0652 
 0.285   1.04186 
 0.29   1.01852 
 0.295   0.995215 
 0.3   0.971959 
 0.305   0.948782 
 0.31   0.925705 
 0.315   0.902754 
 0.32   0.879949 
 0.325   0.857313 
 0.33   0.834867 
 0.335   0.812631 
 0.34   0.790623 
 0.345   0.768863 
 0.35   0.747368 
 0.355   0.726153 
 0.36   0.705235 
 0.365   0.684626 
 0.37   0.664341 
 0.375   0.64439 
 0.38   0.624786 
 0.385   0.605537 
 0.39   0.586652 
 0.395   0.568139 
 0.4   0.550004 
 0.405   0.532252 
 0.41   0.514889 
 0.415   0.497918 
 0.42   0.481342 
 0.425   0.465161 
 0.43   0.449378 
 0.435   0.433991 
 0.44   0.419001 
 0.445   0.404406 
 0.45   0.390204 
 0.455   0.376392 
 0.46   0.362967 
 0.465   0.349924 
 0.47   0.337261 
 0.475   0.324971 
 0.48   0.31305 
 0.485   0.301492 
 0.49   0.290291 
 0.495   0.279441 
 0.5   0.268936 
 0.505   0.258767 
 0.51   0.24893 
 0.515   0.239417 
 0.52   0.23022 
 0.525   0.221332 
 0.53   0.212746 
 0.535   0.204454 
 0.54   0.196449 
 0.545   0.188724 
 0.55   0.18127 
 0.555   0.174081 
 0.56   0.167149 
 0.565   0.160467 
 0.57   0.154028 
 0.575   0.147823 
 0.58   0.141847 
 0.585   0.136092 
 0.59   0.130552 
 0.595   0.125218 
 0.6   0.120086 
 0.605   0.115148 
 0.61   0.110398 
 0.615   0.10583 
 0.62   0.101438 
 0.625   0.0972147 
 0.63   0.0931557 
 0.635   0.0892549 
 0.64   0.0855068 
 0.645   0.081906 
 0.65   0.0784472 
 0.655   0.0751255 
 0.66   0.0719358 
 0.665   0.0688734 
 0.67   0.0659336 
 0.675   0.0631119 
 0.68   0.060404 
 0.685   0.0578057 
 0.69   0.0553128 
 0.695   0.0529213 
 0.7   0.0506276 
 0.705   0.0484277 
 0.71   0.0463182 
 0.715   0.0442956 
 0.72   0.0423566 
 0.725   0.0404978 
 0.73   0.0387163 
 0.735   0.037009 
 0.74   0.035373 
 0.745   0.0338054 
 0.75   0.0323037 
 0.755   0.0308652 
 0.76   0.0294874 
 0.765   0.0281678 
 0.77   0.0269043 
 0.775   0.0256944 
 0.78   0.0245361 
 0.785   0.0234273 
 0.79   0.0223659 
 0.795   0.0213502 
 0.8   0.0203781 
 0.805   0.019448 
 0.81   0.0185581 
 0.815   0.0177067 
 0.82   0.0168924 
 0.825   0.0161135 
 0.83   0.0153687 
 0.835   0.0146564 
 0.84   0.0139754 
 0.845   0.0133243 
 0.85   0.012702 
 0.855   0.0121071 
 0.86   0.0115386 
 0.865   0.0109954 
 0.87   0.0104763 
 0.875   0.00998046 
 0.88   0.00950677 
 0.885   0.00905433 
 0.89   0.00862223 
 0.895   0.00820962 
 0.9   0.00781566 
 0.905   0.00743956 
 0.91   0.00708055 
 0.915   0.00673789 
 0.92   0.00641089 
 0.925   0.00609886 
 0.93   0.00580116 
 0.935   0.00551718 
 0.94   0.0052463 
 0.945   0.00498796 
 0.95   0.00474162 
 0.955   0.00450675 
 0.96   0.00428284 
 0.965   0.00406942 
 0.97   0.00386601 
 0.975   0.00367219 
 0.98   0.00348751 
 0.985   0.00331158 
 0.99   0.00314401 
 0.995   0.00298442 
