 162   Amps (Ilim=180) 
 0.2   r0[m] 
 401   Nz data points 
 z[m]  EngeProd 
 -1   0.00268949 
 -0.995   0.00283146 
 -0.99   0.00298045 
 -0.985   0.00313678 
 -0.98   0.00330079 
 -0.975   0.00347283 
 -0.97   0.00365328 
 -0.965   0.00384252 
 -0.96   0.00404094 
 -0.955   0.00424898 
 -0.95   0.00446707 
 -0.945   0.00469567 
 -0.94   0.00493525 
 -0.935   0.00518631 
 -0.93   0.00544937 
 -0.925   0.00572498 
 -0.92   0.00601368 
 -0.915   0.00631608 
 -0.91   0.00663279 
 -0.905   0.00696444 
 -0.9   0.00731171 
 -0.895   0.00767528 
 -0.89   0.00805588 
 -0.885   0.00845428 
 -0.88   0.00887124 
 -0.875   0.0093076 
 -0.87   0.00976421 
 -0.865   0.010242 
 -0.86   0.0107418 
 -0.855   0.0112646 
 -0.85   0.0118115 
 -0.845   0.0123835 
 -0.84   0.0129817 
 -0.835   0.0136072 
 -0.83   0.0142612 
 -0.825   0.0149449 
 -0.82   0.0156597 
 -0.815   0.0164069 
 -0.81   0.0171878 
 -0.805   0.0180039 
 -0.8   0.0188567 
 -0.795   0.0197478 
 -0.79   0.0206789 
 -0.785   0.0216515 
 -0.78   0.0226676 
 -0.775   0.0237288 
 -0.77   0.0248373 
 -0.765   0.0259948 
 -0.76   0.0272036 
 -0.755   0.0284657 
 -0.75   0.0297834 
 -0.745   0.031159 
 -0.74   0.0325949 
 -0.735   0.0340936 
 -0.73   0.0356577 
 -0.725   0.03729 
 -0.72   0.0389931 
 -0.715   0.0407701 
 -0.71   0.042624 
 -0.705   0.0445578 
 -0.7   0.0465749 
 -0.695   0.0486785 
 -0.69   0.0508722 
 -0.685   0.0531596 
 -0.68   0.0555444 
 -0.675   0.0580305 
 -0.67   0.0606219 
 -0.665   0.0633228 
 -0.66   0.0661373 
 -0.655   0.06907 
 -0.65   0.0721254 
 -0.645   0.0753083 
 -0.64   0.0786235 
 -0.635   0.082076 
 -0.63   0.085671 
 -0.625   0.0894138 
 -0.62   0.09331 
 -0.615   0.0973651 
 -0.61   0.101585 
 -0.605   0.105976 
 -0.6   0.110543 
 -0.595   0.115294 
 -0.59   0.120234 
 -0.585   0.12537 
 -0.58   0.130709 
 -0.575   0.136258 
 -0.57   0.142024 
 -0.565   0.148013 
 -0.56   0.154233 
 -0.555   0.160692 
 -0.55   0.167396 
 -0.545   0.174354 
 -0.54   0.181573 
 -0.535   0.189061 
 -0.53   0.196825 
 -0.525   0.204874 
 -0.52   0.213215 
 -0.515   0.221855 
 -0.51   0.230803 
 -0.505   0.240067 
 -0.5   0.249653 
 -0.495   0.25957 
 -0.49   0.269825 
 -0.485   0.280425 
 -0.48   0.291377 
 -0.475   0.302687 
 -0.47   0.314363 
 -0.465   0.326411 
 -0.46   0.338836 
 -0.455   0.351643 
 -0.45   0.364838 
 -0.445   0.378426 
 -0.44   0.392409 
 -0.435   0.406791 
 -0.43   0.421576 
 -0.425   0.436764 
 -0.42   0.452357 
 -0.415   0.468356 
 -0.41   0.48476 
 -0.405   0.501568 
 -0.4   0.518777 
 -0.395   0.536385 
 -0.39   0.554387 
 -0.385   0.572777 
 -0.38   0.59155 
 -0.375   0.610698 
 -0.37   0.630212 
 -0.365   0.650083 
 -0.36   0.670299 
 -0.355   0.690848 
 -0.35   0.711716 
 -0.345   0.73289 
 -0.34   0.754354 
 -0.335   0.776089 
 -0.33   0.798079 
 -0.325   0.820304 
 -0.32   0.842745 
 -0.315   0.865379 
 -0.31   0.888185 
 -0.305   0.91114 
 -0.3   0.934219 
 -0.295   0.9574 
 -0.29   0.980656 
 -0.285   1.00396 
 -0.28   1.02729 
 -0.275   1.05062 
 -0.27   1.07392 
 -0.265   1.09716 
 -0.26   1.12032 
 -0.255   1.14337 
 -0.25   1.16629 
 -0.245   1.18904 
 -0.24   1.21161 
 -0.235   1.23396 
 -0.23   1.25608 
 -0.225   1.27794 
 -0.22   1.29951 
 -0.215   1.32078 
 -0.21   1.34172 
 -0.205   1.36231 
 -0.2   1.38254 
 -0.195   1.40238 
 -0.19   1.42182 
 -0.185   1.44085 
 -0.18   1.45944 
 -0.175   1.47758 
 -0.17   1.49526 
 -0.165   1.51248 
 -0.16   1.52921 
 -0.155   1.54545 
 -0.15   1.5612 
 -0.145   1.57644 
 -0.14   1.59117 
 -0.135   1.60538 
 -0.13   1.61907 
 -0.125   1.63224 
 -0.12   1.64489 
 -0.115   1.657 
 -0.11   1.66858 
 -0.105   1.67964 
 -0.1   1.69016 
 -0.095   1.70015 
 -0.09   1.70962 
 -0.085   1.71855 
 -0.08   1.72697 
 -0.075   1.73485 
 -0.07   1.74221 
 -0.065   1.74906 
 -0.06   1.75538 
 -0.055   1.76119 
 -0.05   1.76648 
 -0.045   1.77127 
 -0.04   1.77554 
 -0.035   1.77931 
 -0.03   1.78257 
 -0.025   1.78532 
 -0.02   1.78757 
 -0.015   1.78932 
 -0.01   1.79057 
 -0.005   1.79132 
 8.20524e-16   1.79157 
 0.005   1.79132 
 0.01   1.79057 
 0.015   1.78932 
 0.02   1.78757 
 0.025   1.78532 
 0.03   1.78257 
 0.035   1.77931 
 0.04   1.77554 
 0.045   1.77127 
 0.05   1.76648 
 0.055   1.76119 
 0.06   1.75538 
 0.065   1.74906 
 0.07   1.74221 
 0.075   1.73485 
 0.08   1.72697 
 0.085   1.71855 
 0.09   1.70962 
 0.095   1.70015 
 0.1   1.69016 
 0.105   1.67964 
 0.11   1.66858 
 0.115   1.657 
 0.12   1.64489 
 0.125   1.63224 
 0.13   1.61907 
 0.135   1.60538 
 0.14   1.59117 
 0.145   1.57644 
 0.15   1.5612 
 0.155   1.54545 
 0.16   1.52921 
 0.165   1.51248 
 0.17   1.49526 
 0.175   1.47758 
 0.18   1.45944 
 0.185   1.44085 
 0.19   1.42182 
 0.195   1.40238 
 0.2   1.38254 
 0.205   1.36231 
 0.21   1.34172 
 0.215   1.32078 
 0.22   1.29951 
 0.225   1.27794 
 0.23   1.25608 
 0.235   1.23396 
 0.24   1.21161 
 0.245   1.18904 
 0.25   1.16629 
 0.255   1.14337 
 0.26   1.12032 
 0.265   1.09716 
 0.27   1.07392 
 0.275   1.05062 
 0.28   1.02729 
 0.285   1.00396 
 0.29   0.980656 
 0.295   0.9574 
 0.3   0.934219 
 0.305   0.91114 
 0.31   0.888185 
 0.315   0.865379 
 0.32   0.842745 
 0.325   0.820304 
 0.33   0.798079 
 0.335   0.776089 
 0.34   0.754354 
 0.345   0.73289 
 0.35   0.711716 
 0.355   0.690848 
 0.36   0.670299 
 0.365   0.650083 
 0.37   0.630212 
 0.375   0.610698 
 0.38   0.59155 
 0.385   0.572777 
 0.39   0.554387 
 0.395   0.536385 
 0.4   0.518777 
 0.405   0.501568 
 0.41   0.48476 
 0.415   0.468356 
 0.42   0.452357 
 0.425   0.436764 
 0.43   0.421576 
 0.435   0.406791 
 0.44   0.392409 
 0.445   0.378426 
 0.45   0.364838 
 0.455   0.351643 
 0.46   0.338836 
 0.465   0.326411 
 0.47   0.314363 
 0.475   0.302687 
 0.48   0.291377 
 0.485   0.280425 
 0.49   0.269825 
 0.495   0.25957 
 0.5   0.249653 
 0.505   0.240067 
 0.51   0.230803 
 0.515   0.221855 
 0.52   0.213215 
 0.525   0.204874 
 0.53   0.196825 
 0.535   0.189061 
 0.54   0.181573 
 0.545   0.174354 
 0.55   0.167396 
 0.555   0.160692 
 0.56   0.154233 
 0.565   0.148013 
 0.57   0.142024 
 0.575   0.136258 
 0.58   0.130709 
 0.585   0.12537 
 0.59   0.120234 
 0.595   0.115294 
 0.6   0.110543 
 0.605   0.105976 
 0.61   0.101585 
 0.615   0.0973651 
 0.62   0.09331 
 0.625   0.0894138 
 0.63   0.085671 
 0.635   0.082076 
 0.64   0.0786235 
 0.645   0.0753083 
 0.65   0.0721254 
 0.655   0.06907 
 0.66   0.0661373 
 0.665   0.0633228 
 0.67   0.0606219 
 0.675   0.0580305 
 0.68   0.0555444 
 0.685   0.0531596 
 0.69   0.0508722 
 0.695   0.0486785 
 0.7   0.0465749 
 0.705   0.0445578 
 0.71   0.042624 
 0.715   0.0407701 
 0.72   0.0389931 
 0.725   0.03729 
 0.73   0.0356577 
 0.735   0.0340936 
 0.74   0.0325949 
 0.745   0.031159 
 0.75   0.0297834 
 0.755   0.0284657 
 0.76   0.0272036 
 0.765   0.0259948 
 0.77   0.0248373 
 0.775   0.0237288 
 0.78   0.0226676 
 0.785   0.0216515 
 0.79   0.0206789 
 0.795   0.0197478 
 0.8   0.0188567 
 0.805   0.0180039 
 0.81   0.0171878 
 0.815   0.0164069 
 0.82   0.0156597 
 0.825   0.0149449 
 0.83   0.0142612 
 0.835   0.0136072 
 0.84   0.0129817 
 0.845   0.0123835 
 0.85   0.0118115 
 0.855   0.0112646 
 0.86   0.0107418 
 0.865   0.010242 
 0.87   0.00976421 
 0.875   0.0093076 
 0.88   0.00887124 
 0.885   0.00845428 
 0.89   0.00805588 
 0.895   0.00767528 
 0.9   0.00731171 
 0.905   0.00696444 
 0.91   0.00663279 
 0.915   0.00631608 
 0.92   0.00601368 
 0.925   0.00572498 
 0.93   0.00544937 
 0.935   0.00518631 
 0.94   0.00493525 
 0.945   0.00469567 
 0.95   0.00446707 
 0.955   0.00424898 
 0.96   0.00404094 
 0.965   0.00384252 
 0.97   0.00365328 
 0.975   0.00347283 
 0.98   0.00330079 
 0.985   0.00313678 
 0.99   0.00298045 
 0.995   0.00283146 
