 108   Amps (Ilim=180) 
 0.2   r0[m] 
 401   Nz data points 
 z[m]  EngeProd 
 -1   0.00235927 
 -0.995   0.00247908 
 -0.99   0.0026045 
 -0.985   0.00273579 
 -0.98   0.0028732 
 -0.975   0.00301699 
 -0.97   0.00316744 
 -0.965   0.00332485 
 -0.96   0.00348949 
 -0.955   0.0036617 
 -0.95   0.0038418 
 -0.945   0.00403012 
 -0.94   0.00422701 
 -0.935   0.00443285 
 -0.93   0.00464802 
 -0.925   0.00487291 
 -0.92   0.00510794 
 -0.915   0.00535353 
 -0.91   0.00561015 
 -0.905   0.00587825 
 -0.9   0.00615833 
 -0.895   0.00645089 
 -0.89   0.00675645 
 -0.885   0.00707557 
 -0.88   0.00740882 
 -0.875   0.0077568 
 -0.87   0.00812012 
 -0.865   0.00849944 
 -0.86   0.00889542 
 -0.855   0.00930876 
 -0.85   0.0097402 
 -0.845   0.0101905 
 -0.84   0.0106604 
 -0.835   0.0111508 
 -0.83   0.0116625 
 -0.825   0.0121965 
 -0.82   0.0127536 
 -0.815   0.0133348 
 -0.81   0.0139411 
 -0.805   0.0145736 
 -0.8   0.0152333 
 -0.795   0.0159214 
 -0.79   0.0166391 
 -0.785   0.0173876 
 -0.78   0.0181682 
 -0.775   0.0189823 
 -0.77   0.0198311 
 -0.765   0.0207162 
 -0.76   0.021639 
 -0.755   0.0226012 
 -0.75   0.0236043 
 -0.745   0.0246501 
 -0.74   0.0257403 
 -0.735   0.0268768 
 -0.73   0.0280614 
 -0.725   0.0292961 
 -0.72   0.030583 
 -0.715   0.0319243 
 -0.71   0.0333222 
 -0.705   0.034779 
 -0.7   0.0362971 
 -0.695   0.037879 
 -0.69   0.0395273 
 -0.685   0.0412448 
 -0.68   0.0430342 
 -0.675   0.0448985 
 -0.67   0.0468407 
 -0.665   0.0488639 
 -0.66   0.0509713 
 -0.655   0.0531665 
 -0.65   0.0554528 
 -0.645   0.057834 
 -0.64   0.0603137 
 -0.635   0.062896 
 -0.63   0.0655847 
 -0.625   0.0683842 
 -0.62   0.0712987 
 -0.615   0.0743326 
 -0.61   0.0774907 
 -0.605   0.0807777 
 -0.6   0.0841986 
 -0.595   0.0877583 
 -0.59   0.0914621 
 -0.585   0.0953154 
 -0.58   0.0993238 
 -0.575   0.103493 
 -0.57   0.107829 
 -0.565   0.112337 
 -0.56   0.117024 
 -0.555   0.121897 
 -0.55   0.126961 
 -0.545   0.132223 
 -0.54   0.137689 
 -0.535   0.143368 
 -0.53   0.149266 
 -0.525   0.155389 
 -0.52   0.161745 
 -0.515   0.168341 
 -0.51   0.175185 
 -0.505   0.182284 
 -0.5   0.189645 
 -0.495   0.197275 
 -0.49   0.205183 
 -0.485   0.213376 
 -0.48   0.22186 
 -0.475   0.230643 
 -0.47   0.239732 
 -0.465   0.249135 
 -0.46   0.258857 
 -0.455   0.268905 
 -0.45   0.279286 
 -0.445   0.290005 
 -0.44   0.301068 
 -0.435   0.31248 
 -0.43   0.324246 
 -0.425   0.336369 
 -0.42   0.348854 
 -0.415   0.361703 
 -0.41   0.374919 
 -0.405   0.388502 
 -0.4   0.402455 
 -0.395   0.416775 
 -0.39   0.431464 
 -0.385   0.446517 
 -0.38   0.461933 
 -0.375   0.477708 
 -0.37   0.493835 
 -0.365   0.510309 
 -0.36   0.527121 
 -0.355   0.544264 
 -0.35   0.561727 
 -0.345   0.579498 
 -0.34   0.597566 
 -0.335   0.615916 
 -0.33   0.634533 
 -0.325   0.6534 
 -0.32   0.6725 
 -0.315   0.691815 
 -0.31   0.711323 
 -0.305   0.731004 
 -0.3   0.750836 
 -0.295   0.770796 
 -0.29   0.79086 
 -0.285   0.811003 
 -0.28   0.831201 
 -0.275   0.851426 
 -0.27   0.871653 
 -0.265   0.891856 
 -0.26   0.912008 
 -0.255   0.932082 
 -0.25   0.952051 
 -0.245   0.971889 
 -0.24   0.99157 
 -0.235   1.01107 
 -0.23   1.03036 
 -0.225   1.04942 
 -0.22   1.06822 
 -0.215   1.08675 
 -0.21   1.10498 
 -0.205   1.12288 
 -0.2   1.14045 
 -0.195   1.15767 
 -0.19   1.17451 
 -0.185   1.19096 
 -0.18   1.20701 
 -0.175   1.22264 
 -0.17   1.23785 
 -0.165   1.25262 
 -0.16   1.26694 
 -0.155   1.28081 
 -0.15   1.29423 
 -0.145   1.30718 
 -0.14   1.31966 
 -0.135   1.33167 
 -0.13   1.34321 
 -0.125   1.35428 
 -0.12   1.36487 
 -0.115   1.37499 
 -0.11   1.38464 
 -0.105   1.39382 
 -0.1   1.40254 
 -0.095   1.41079 
 -0.09   1.41859 
 -0.085   1.42593 
 -0.08   1.43282 
 -0.075   1.43926 
 -0.07   1.44526 
 -0.065   1.45083 
 -0.06   1.45596 
 -0.055   1.46066 
 -0.05   1.46494 
 -0.045   1.4688 
 -0.04   1.47224 
 -0.035   1.47526 
 -0.03   1.47788 
 -0.025   1.48009 
 -0.02   1.48189 
 -0.015   1.48329 
 -0.01   1.48429 
 -0.005   1.48489 
 8.20524e-16   1.48509 
 0.005   1.48489 
 0.01   1.48429 
 0.015   1.48329 
 0.02   1.48189 
 0.025   1.48009 
 0.03   1.47788 
 0.035   1.47526 
 0.04   1.47224 
 0.045   1.4688 
 0.05   1.46494 
 0.055   1.46066 
 0.06   1.45596 
 0.065   1.45083 
 0.07   1.44526 
 0.075   1.43926 
 0.08   1.43282 
 0.085   1.42593 
 0.09   1.41859 
 0.095   1.41079 
 0.1   1.40254 
 0.105   1.39382 
 0.11   1.38464 
 0.115   1.37499 
 0.12   1.36487 
 0.125   1.35428 
 0.13   1.34321 
 0.135   1.33167 
 0.14   1.31966 
 0.145   1.30718 
 0.15   1.29423 
 0.155   1.28081 
 0.16   1.26694 
 0.165   1.25262 
 0.17   1.23785 
 0.175   1.22264 
 0.18   1.20701 
 0.185   1.19096 
 0.19   1.17451 
 0.195   1.15767 
 0.2   1.14045 
 0.205   1.12288 
 0.21   1.10498 
 0.215   1.08675 
 0.22   1.06822 
 0.225   1.04942 
 0.23   1.03036 
 0.235   1.01107 
 0.24   0.99157 
 0.245   0.971889 
 0.25   0.952051 
 0.255   0.932082 
 0.26   0.912008 
 0.265   0.891856 
 0.27   0.871653 
 0.275   0.851426 
 0.28   0.831201 
 0.285   0.811003 
 0.29   0.79086 
 0.295   0.770796 
 0.3   0.750836 
 0.305   0.731004 
 0.31   0.711323 
 0.315   0.691815 
 0.32   0.6725 
 0.325   0.6534 
 0.33   0.634533 
 0.335   0.615916 
 0.34   0.597566 
 0.345   0.579498 
 0.35   0.561727 
 0.355   0.544264 
 0.36   0.527121 
 0.365   0.510309 
 0.37   0.493835 
 0.375   0.477708 
 0.38   0.461933 
 0.385   0.446517 
 0.39   0.431464 
 0.395   0.416775 
 0.4   0.402455 
 0.405   0.388502 
 0.41   0.374919 
 0.415   0.361703 
 0.42   0.348854 
 0.425   0.336369 
 0.43   0.324246 
 0.435   0.31248 
 0.44   0.301068 
 0.445   0.290005 
 0.45   0.279286 
 0.455   0.268905 
 0.46   0.258857 
 0.465   0.249135 
 0.47   0.239732 
 0.475   0.230643 
 0.48   0.22186 
 0.485   0.213376 
 0.49   0.205183 
 0.495   0.197275 
 0.5   0.189645 
 0.505   0.182284 
 0.51   0.175185 
 0.515   0.168341 
 0.52   0.161745 
 0.525   0.155389 
 0.53   0.149266 
 0.535   0.143368 
 0.54   0.137689 
 0.545   0.132223 
 0.55   0.126961 
 0.555   0.121897 
 0.56   0.117024 
 0.565   0.112337 
 0.57   0.107829 
 0.575   0.103493 
 0.58   0.0993238 
 0.585   0.0953154 
 0.59   0.0914621 
 0.595   0.0877583 
 0.6   0.0841986 
 0.605   0.0807777 
 0.61   0.0774907 
 0.615   0.0743326 
 0.62   0.0712987 
 0.625   0.0683842 
 0.63   0.0655847 
 0.635   0.062896 
 0.64   0.0603137 
 0.645   0.057834 
 0.65   0.0554528 
 0.655   0.0531665 
 0.66   0.0509713 
 0.665   0.0488639 
 0.67   0.0468407 
 0.675   0.0448985 
 0.68   0.0430342 
 0.685   0.0412448 
 0.69   0.0395273 
 0.695   0.037879 
 0.7   0.0362971 
 0.705   0.034779 
 0.71   0.0333222 
 0.715   0.0319243 
 0.72   0.030583 
 0.725   0.0292961 
 0.73   0.0280614 
 0.735   0.0268768 
 0.74   0.0257403 
 0.745   0.0246501 
 0.75   0.0236043 
 0.755   0.0226012 
 0.76   0.021639 
 0.765   0.0207162 
 0.77   0.0198311 
 0.775   0.0189823 
 0.78   0.0181682 
 0.785   0.0173876 
 0.79   0.0166391 
 0.795   0.0159214 
 0.8   0.0152333 
 0.805   0.0145736 
 0.81   0.0139411 
 0.815   0.0133348 
 0.82   0.0127536 
 0.825   0.0121965 
 0.83   0.0116625 
 0.835   0.0111508 
 0.84   0.0106604 
 0.845   0.0101905 
 0.85   0.0097402 
 0.855   0.00930876 
 0.86   0.00889542 
 0.865   0.00849944 
 0.87   0.00812012 
 0.875   0.0077568 
 0.88   0.00740882 
 0.885   0.00707557 
 0.89   0.00675645 
 0.895   0.00645089 
 0.9   0.00615833 
 0.905   0.00587825 
 0.91   0.00561015 
 0.915   0.00535353 
 0.92   0.00510794 
 0.925   0.00487291 
 0.93   0.00464802 
 0.935   0.00443285 
 0.94   0.00422701 
 0.945   0.00403012 
 0.95   0.0038418 
 0.955   0.0036617 
 0.96   0.00348949 
 0.965   0.00332485 
 0.97   0.00316744 
 0.975   0.00301699 
 0.98   0.0028732 
 0.985   0.00273579 
 0.99   0.0026045 
 0.995   0.00247908 
