      z,       a_n0_Re,       a_n0_Im
             -1   -1.26964e-19   -4.67443e-35 
         -0.995   -1.08784e-19     4.0755e-34 
          -0.99   -8.99393e-20    1.38588e-34 
         -0.985   -7.04208e-20    3.94145e-34 
          -0.98    -5.0216e-20   -2.36396e-34 
         -0.975   -2.93122e-20   -1.68168e-34 
          -0.97   -7.69544e-21   -5.59747e-34 
         -0.965    1.46489e-20    6.98227e-35 
          -0.96    3.77363e-20   -4.77314e-34 
         -0.955     6.1583e-20   -5.99359e-34 
          -0.95    8.62058e-20   -2.40938e-34 
         -0.945    1.11622e-19    5.14334e-34 
          -0.94     1.3785e-19   -5.70058e-34 
         -0.935    1.64907e-19    3.98584e-34 
          -0.93    1.92812e-19   -3.20137e-34 
         -0.925    2.21585e-19   -3.75567e-34 
          -0.92    2.51245e-19    7.21947e-34 
         -0.915    2.81811e-19    3.63067e-34 
          -0.91    3.13302e-19    1.22686e-34 
         -0.905     3.4574e-19   -3.95507e-34 
           -0.9    3.79144e-19   -5.27109e-34 
         -0.895    4.13535e-19    1.20727e-34 
          -0.89    4.48933e-19   -6.83781e-34 
         -0.885    4.85362e-19    3.24683e-34 
          -0.88    5.22841e-19   -1.89658e-35 
         -0.875    5.61395e-19   -1.84788e-34 
          -0.87    6.01046e-19     1.6253e-34 
         -0.865    6.41819e-19    5.21952e-34 
          -0.86     6.8374e-19   -1.93731e-34 
         -0.855    7.26836e-19    5.50933e-34 
          -0.85    7.71136e-19    3.58615e-34 
         -0.845    8.16668e-19   -2.21508e-34 
          -0.84    8.63467e-19   -4.96066e-34 
         -0.835    9.11565e-19    5.11596e-34 
          -0.83       9.61e-19   -3.82551e-34 
         -0.825    1.01181e-18    4.40824e-34 
          -0.82    1.06404e-18   -2.87392e-35 
         -0.815    1.11773e-18   -7.73411e-34 
          -0.81    1.17293e-18    3.42552e-34 
         -0.805     1.2297e-18   -6.30077e-34 
           -0.8    1.28808e-18   -2.00042e-34 
         -0.795    1.34814e-18    4.68228e-34 
          -0.79    1.40994e-18    8.61456e-36 
         -0.785    1.47355e-18   -2.99208e-34 
          -0.78    1.53905e-18   -3.90309e-34 
         -0.775    1.60651e-18   -6.31437e-35 
          -0.77    1.67601e-18    2.41028e-34 
         -0.765    1.74764e-18    4.72939e-34 
          -0.76    1.82151e-18    3.25955e-34 
         -0.755     1.8977e-18    3.69666e-34 
          -0.75    1.97632e-18    3.91225e-34 
         -0.745    2.05748e-18   -8.73686e-34 
          -0.74    2.14131e-18      4.972e-34 
         -0.735    2.22791e-18   -4.39614e-34 
          -0.73    2.31742e-18   -5.67247e-34 
         -0.725    2.40996e-18    1.56153e-35 
          -0.72    2.50568e-18   -7.01676e-35 
         -0.715     2.6047e-18   -2.63223e-34 
          -0.71    2.70718e-18   -2.04022e-34 
         -0.705    2.81324e-18   -8.87689e-34 
           -0.7    2.92304e-18      5.254e-34 
         -0.695    3.03673e-18    8.46789e-35 
          -0.69    3.15444e-18    2.56305e-34 
         -0.685    3.27632e-18   -6.70844e-34 
          -0.68    3.40251e-18    2.91933e-34 
         -0.675    3.53316e-18   -3.69817e-34 
          -0.67    3.66838e-18   -4.56432e-34 
         -0.665    3.80833e-18    2.57959e-34 
          -0.66    3.95311e-18    6.18963e-34 
         -0.655    4.10285e-18    4.32073e-34 
          -0.65    4.25766e-18   -1.93181e-34 
         -0.645    4.41763e-18    3.53796e-34 
          -0.64    4.58286e-18    2.36452e-34 
         -0.635    4.75342e-18   -7.68871e-34 
          -0.63    4.92939e-18     6.8718e-34 
         -0.625    5.11082e-18     7.2972e-34 
          -0.62    5.29774e-18    3.82215e-34 
         -0.615     5.4902e-18   -3.50309e-34 
          -0.61    5.68819e-18    4.44683e-34 
         -0.605    5.89173e-18   -3.31759e-34 
           -0.6    6.10079e-18    6.70164e-34 
         -0.595    6.31535e-18    8.11884e-34 
          -0.59    6.53536e-18   -2.67206e-34 
         -0.585    6.76077e-18   -4.00437e-34 
          -0.58     6.9915e-18     1.0567e-34 
         -0.575    7.22748e-18   -1.08567e-34 
          -0.57    7.46862e-18    6.43158e-35 
         -0.565    7.71482e-18    2.42944e-34 
          -0.56    7.96598e-18   -2.85882e-34 
         -0.555      8.222e-18    2.48265e-34 
          -0.55    8.48279e-18    3.23814e-34 
         -0.545    8.74824e-18    5.52546e-34 
          -0.54    9.01826e-18   -4.81627e-34 
         -0.535    9.29276e-18    2.01285e-34 
          -0.53    9.57169e-18    9.30511e-35 
         -0.525    9.85498e-18      7.122e-34 
          -0.52    1.01426e-17    1.34419e-34 
         -0.515    1.04345e-17     2.0886e-34 
          -0.51    1.07308e-17    7.72513e-35 
         -0.505    1.10313e-17    3.99877e-34 
           -0.5    1.13363e-17    1.40107e-34 
         -0.495    1.16457e-17   -7.34491e-34 
          -0.49    1.19598e-17   -4.34663e-35 
         -0.485    1.22785e-17   -1.53047e-34 
          -0.48    1.26021e-17   -1.88574e-34 
         -0.475    1.29308e-17    5.16506e-34 
          -0.47    1.32647e-17   -1.58596e-34 
         -0.465    1.36042e-17    9.60341e-35 
          -0.46    1.39495e-17   -4.90192e-34 
         -0.455     1.4301e-17   -1.98548e-34 
          -0.45    1.46588e-17   -5.53563e-35 
         -0.445    1.50234e-17   -1.02542e-34 
          -0.44    1.53952e-17     6.6274e-34 
         -0.435    1.57745e-17   -1.00839e-34 
          -0.43    1.61617e-17   -1.80825e-34 
         -0.425    1.65572e-17   -5.74604e-34 
          -0.42    1.69614e-17    2.45532e-34 
         -0.415    1.73747e-17    -1.3416e-35 
          -0.41    1.77974e-17    5.05174e-34 
         -0.405    1.82299e-17    1.46172e-35 
           -0.4    1.86725e-17      -4.41e-34 
         -0.395    1.91255e-17    6.80078e-34 
          -0.39     1.9589e-17   -5.81168e-34 
         -0.385    2.00634e-17   -5.40267e-34 
          -0.38    2.05486e-17   -1.25207e-33 
         -0.375    2.10446e-17    5.54863e-34 
          -0.37    2.15513e-17   -8.64484e-34 
         -0.365    2.20686e-17    3.39862e-34 
          -0.36    2.25962e-17   -3.61937e-34 
         -0.355    2.31335e-17   -4.05055e-34 
          -0.35    2.36802e-17    4.39542e-34 
         -0.345    2.42354e-17    4.56355e-34 
          -0.34    2.47986e-17    1.35271e-34 
         -0.335    2.53687e-17    9.23229e-34 
          -0.33    2.59447e-17   -3.43003e-34 
         -0.325    2.65256e-17   -1.36928e-34 
          -0.32    2.71101e-17    1.55973e-34 
         -0.315    2.76969e-17    2.22152e-34 
          -0.31    2.82847e-17    6.67205e-34 
         -0.305    2.88721e-17    2.18728e-34 
           -0.3    2.94574e-17   -1.28511e-34 
         -0.295    3.00393e-17   -7.50314e-35 
          -0.29    3.06161e-17   -5.29769e-34 
         -0.285    3.11864e-17   -3.88573e-34 
          -0.28    3.17485e-17   -3.58459e-35 
         -0.275     3.2301e-17    1.76014e-34 
          -0.27    3.28424e-17    5.07263e-34 
         -0.265    3.33712e-17   -1.51217e-34 
          -0.26    3.38862e-17    5.11343e-34 
         -0.255    3.43861e-17   -1.08713e-34 
          -0.25    3.48698e-17   -1.66192e-34 
         -0.245    3.53363e-17    8.21647e-34 
          -0.24    3.57849e-17    6.36855e-34 
         -0.235    3.62147e-17   -2.21488e-34 
          -0.23    3.66255e-17    2.27906e-35 
         -0.225    3.70168e-17   -2.44425e-34 
          -0.22    3.73886e-17   -5.50568e-34 
         -0.215    3.77409e-17    4.75349e-34 
          -0.21    3.80742e-17   -4.25794e-34 
         -0.205    3.83889e-17    2.42747e-34 
           -0.2    3.86857e-17   -4.39922e-34 
         -0.195    3.89656e-17   -1.79292e-34 
          -0.19    3.92295e-17    9.44286e-35 
         -0.185    3.94786e-17   -1.70798e-34 
          -0.18    3.97144e-17    3.75915e-34 
         -0.175    3.99382e-17   -8.63899e-35 
          -0.17    4.01514e-17    -4.2627e-35 
         -0.165    4.03558e-17    4.14352e-34 
          -0.16    4.05528e-17    6.56095e-35 
         -0.155    4.07439e-17    6.13851e-34 
          -0.15    4.09308e-17    4.72645e-36 
         -0.145     4.1115e-17    1.13975e-35 
          -0.14    4.12977e-17    -3.3358e-34 
         -0.135    4.14803e-17   -1.03322e-34 
          -0.13     4.1664e-17   -2.32185e-34 
         -0.125    4.18497e-17    2.84177e-34 
          -0.12    4.20383e-17   -3.33119e-34 
         -0.115    4.22304e-17   -1.09913e-34 
          -0.11    4.24264e-17    2.90566e-34 
         -0.105    4.26266e-17   -3.75954e-34 
           -0.1     4.2831e-17   -7.94464e-35 
         -0.095    4.30394e-17   -1.70427e-34 
          -0.09    4.32513e-17   -1.83023e-34 
         -0.085    4.34661e-17   -1.92512e-34 
          -0.08     4.3683e-17   -2.29402e-34 
         -0.075    4.39009e-17   -2.64373e-34 
          -0.07    4.41187e-17   -6.20904e-35 
         -0.065     4.4335e-17    -8.8051e-35 
          -0.06    4.45483e-17   -1.00673e-35 
         -0.055    4.47573e-17   -8.23209e-35 
          -0.05    4.49602e-17    2.82811e-34 
         -0.045    4.51556e-17   -8.35945e-35 
          -0.04    4.53417e-17    2.68101e-34 
         -0.035     4.5517e-17   -4.19754e-36 
          -0.03    4.56801e-17     4.5802e-35 
         -0.025    4.58295e-17    9.47036e-35 
          -0.02    4.59641e-17   -2.25908e-35 
         -0.015    4.60826e-17   -2.27737e-35 
          -0.01    4.61842e-17   -1.16369e-34 
         -0.005    4.62681e-17   -4.60921e-35 
              0    4.63338e-17    1.36986e-34 
          0.005     4.6381e-17    4.52259e-35 
           0.01    4.64095e-17   -9.40563e-35 
          0.015    4.64195e-17   -2.40117e-35 
           0.02    4.64113e-17   -1.46493e-34 
          0.025    4.63856e-17    6.81225e-35 
           0.03     4.6343e-17   -1.43406e-34 
          0.035    4.62846e-17    3.38275e-35 
           0.04    4.62115e-17   -6.74664e-35 
          0.045    4.61251e-17    1.93428e-34 
           0.05    4.60266e-17   -3.00835e-34 
          0.055    4.59178e-17    6.08178e-35 
           0.06    4.58001e-17   -4.42906e-35 
          0.065    4.56753e-17   -5.33002e-35 
           0.07    4.55448e-17    8.91252e-36 
          0.075    4.54104e-17   -3.90588e-35 
           0.08    4.52736e-17   -2.18815e-34 
          0.085    4.51359e-17    2.16621e-34 
           0.09    4.49985e-17    2.82884e-34 
          0.095    4.48626e-17    4.89956e-34 
            0.1    4.47292e-17    4.68526e-35 
          0.105    4.45992e-17    3.34295e-34 
           0.11    4.44731e-17    2.56276e-34 
          0.115    4.43513e-17      7.523e-35 
           0.12    4.42341e-17    4.79863e-34 
          0.125    4.41213e-17   -2.71665e-34 
           0.13    4.40128e-17    6.95651e-35 
          0.135     4.3908e-17    1.25908e-34 
           0.14    4.38063e-17   -1.68731e-34 
          0.145     4.3707e-17   -4.78392e-35 
           0.15     4.3609e-17   -5.64069e-34 
          0.155    4.35113e-17   -5.32164e-34 
           0.16    4.34126e-17    2.34173e-34 
          0.165    4.33116e-17   -2.82359e-34 
           0.17    4.32069e-17   -1.38887e-34 
          0.175    4.30972e-17   -1.60957e-34 
           0.18    4.29809e-17    -1.6525e-34 
          0.185    4.28567e-17    1.12203e-34 
           0.19    4.27231e-17   -9.30548e-35 
          0.195    4.25788e-17   -6.27889e-34 
            0.2    4.24225e-17    3.88632e-34 
          0.205    4.22531e-17    7.79233e-35 
           0.21    4.20694e-17    2.43913e-34 
          0.215    4.18706e-17    5.16292e-35 
           0.22    4.16558e-17    3.89738e-34 
          0.225    4.14243e-17    1.93204e-34 
           0.23    4.11757e-17     8.5486e-35 
          0.235    4.09095e-17    6.13899e-34 
           0.24    4.06256e-17   -7.44886e-34 
          0.245    4.03239e-17   -3.39686e-34 
           0.25    4.00045e-17    1.98098e-34 
          0.255    3.96675e-17     8.4209e-34 
           0.26    3.93133e-17   -4.05542e-34 
          0.265    3.89422e-17     -4.361e-34 
           0.27    3.85547e-17   -5.01222e-34 
          0.275    3.81514e-17   -3.13609e-34 
           0.28     3.7733e-17   -5.41641e-35 
          0.285       3.73e-17   -1.00476e-34 
           0.29    3.68531e-17    6.98799e-34 
          0.295     3.6393e-17    6.09104e-34 
            0.3    3.59205e-17   -7.52449e-34 
          0.305    3.54363e-17   -3.48432e-34 
           0.31    3.49411e-17    5.61233e-34 
          0.315    3.44356e-17   -1.60864e-34 
           0.32    3.39206e-17    5.30855e-34 
          0.325    3.33968e-17    1.40052e-34 
           0.33    3.28648e-17   -5.48147e-34 
          0.335    3.23254e-17    -8.4385e-34 
           0.34    3.17792e-17    2.06758e-34 
          0.345     3.1227e-17   -4.42545e-34 
           0.35    3.06694e-17    4.36203e-34 
          0.355    3.01071e-17    4.61783e-34 
           0.36    2.95407e-17    6.46942e-34 
          0.365    2.89709e-17   -3.46351e-34 
           0.37    2.83983e-17   -3.56746e-34 
          0.375    2.78235e-17   -5.32567e-34 
           0.38    2.72472e-17    2.69234e-34 
          0.385    2.66699e-17    6.44214e-34 
           0.39    2.60924e-17   -2.48314e-35 
          0.395    2.55151e-17   -7.12409e-34 
            0.4    2.49386e-17   -5.98603e-34 
          0.405    2.43636e-17   -3.94524e-36 
           0.41    2.37905e-17    1.02809e-33 
          0.415      2.322e-17   -1.20833e-34 
           0.42    2.26526e-17   -5.68886e-34 
          0.425    2.20889e-17   -6.79523e-34 
           0.43    2.15293e-17    2.00227e-34 
          0.435    2.09744e-17    1.02302e-33 
           0.44    2.04248e-17   -5.78163e-34 
          0.445    1.98809e-17    6.76207e-34 
           0.45    1.93433e-17    6.61607e-35 
          0.455    1.88125e-17   -5.35554e-34 
           0.46     1.8289e-17    5.28916e-34 
          0.465    1.77732e-17    2.43828e-34 
           0.47    1.72656e-17    1.75714e-34 
          0.475    1.67666e-17    1.77438e-35 
           0.48    1.62766e-17    1.04176e-34 
          0.485    1.57961e-17     5.2982e-34 
           0.49    1.53253e-17    1.54787e-34 
          0.495    1.48646e-17   -1.99118e-35 
            0.5    1.44142e-17   -1.85423e-34 
          0.505    1.39744e-17   -2.19081e-34 
           0.51    1.35454e-17   -1.28009e-34 
          0.515    1.31273e-17    1.38184e-34 
           0.52    1.27203e-17   -1.43279e-34 
          0.525    1.23242e-17      3.805e-34 
           0.53    1.19393e-17   -1.42672e-34 
          0.535    1.15654e-17      4.483e-34 
           0.54    1.12024e-17    5.45628e-34 
          0.545    1.08502e-17   -6.10879e-34 
           0.55    1.05087e-17   -3.41524e-34 
          0.555    1.01776e-17   -1.26029e-34 
           0.56     9.8567e-18    2.91335e-34 
          0.565     9.5458e-18   -2.45194e-34 
           0.57    9.24458e-18   -5.94236e-36 
          0.575    8.95276e-18    3.53991e-35 
           0.58    8.67001e-18    -9.4596e-35 
          0.585    8.39601e-18    3.14573e-34 
           0.59    8.13045e-18   -1.01048e-34 
          0.595    7.87299e-18   -7.82384e-34 
            0.6    7.62329e-18   -7.29986e-34 
          0.605    7.38104e-18    2.44653e-34 
           0.61     7.1459e-18   -8.13603e-34 
          0.615    6.91757e-18    3.18763e-34 
           0.62    6.69575e-18    2.69333e-34 
          0.625    6.48015e-18   -6.36855e-34 
           0.63     6.2705e-18    6.68268e-35 
          0.635    6.06654e-18    7.78085e-34 
           0.64    5.86803e-18   -6.07823e-34 
          0.645    5.67475e-18   -3.30902e-34 
           0.65    5.48649e-18   -6.58877e-34 
          0.655    5.30308e-18   -4.56987e-34 
           0.66    5.12433e-18   -8.62471e-34 
          0.665    4.95011e-18   -2.49493e-34 
           0.67    4.78029e-18    4.57609e-34 
          0.675    4.61473e-18    3.19761e-34 
           0.68    4.45335e-18   -2.76115e-34 
          0.685    4.29605e-18    6.34609e-34 
           0.69    4.14276e-18   -3.10905e-34 
          0.695     3.9934e-18    -1.0501e-34 
            0.7    3.84792e-18   -4.98338e-34 
          0.705    3.70626e-18    8.20682e-34 
           0.71    3.56838e-18    2.23521e-34 
          0.715    3.43423e-18   -4.68641e-34 
           0.72    3.30377e-18    1.36876e-34 
          0.725    3.17696e-18   -7.28901e-34 
           0.73    3.05376e-18    6.04994e-34 
          0.735    2.93412e-18    2.81368e-34 
           0.74      2.818e-18   -4.21816e-34 
          0.745    2.70535e-18   -3.76735e-34 
           0.75    2.59612e-18   -4.18093e-34 
          0.755    2.49026e-18   -6.34255e-34 
           0.76    2.38771e-18   -3.99048e-34 
          0.765     2.2884e-18   -7.23106e-34 
           0.77    2.19228e-18    -1.8202e-34 
          0.775    2.09928e-18   -7.21117e-35 
           0.78    2.00931e-18    3.26344e-34 
          0.785    1.92232e-18     3.1607e-34 
           0.79    1.83821e-18    -2.5355e-35 
          0.795    1.75691e-18   -4.48936e-34 
            0.8    1.67833e-18    2.31765e-34 
          0.805     1.6024e-18    7.15709e-34 
           0.81    1.52902e-18    -3.1733e-34 
          0.815    1.45812e-18     7.7661e-34 
           0.82     1.3896e-18    5.09839e-35 
          0.825    1.32338e-18   -4.07299e-34 
           0.83    1.25937e-18   -2.68123e-34 
          0.835     1.1975e-18    -4.8433e-34 
           0.84    1.13768e-18    7.07359e-34 
          0.845    1.07983e-18      2.833e-34 
           0.85    1.02388e-18    1.99388e-34 
          0.855    9.69756e-19   -5.64132e-34 
           0.86    9.17381e-19    3.02298e-34 
          0.865    8.66689e-19   -5.28502e-34 
           0.87    8.17618e-19    1.82617e-34 
          0.875    7.70107e-19    2.12117e-34 
           0.88    7.24098e-19    7.20129e-34 
          0.885    6.79538e-19   -4.02109e-34 
           0.89    6.36376e-19   -7.14206e-34 
          0.895    5.94568e-19   -1.58407e-34 
            0.9    5.54068e-19   -5.06736e-34 
          0.905    5.14839e-19     4.2042e-34 
           0.91    4.76842e-19    4.63925e-35 
          0.915    4.40044e-19   -4.00361e-34 
           0.92    4.04416e-19     2.8661e-34 
          0.925    3.69929e-19     4.3335e-34 
           0.93    3.36557e-19    2.73495e-34 
          0.935    3.04277e-19   -3.45986e-34 
           0.94    2.73069e-19    5.13565e-34 
          0.945    2.42913e-19   -1.68567e-34 
           0.95    2.13792e-19    2.55094e-34 
          0.955     1.8569e-19   -1.56835e-34 
           0.96    1.58593e-19    5.43274e-34 
          0.965    1.32487e-19    4.41024e-34 
           0.97    1.07359e-19    5.61841e-34 
          0.975    8.31983e-20    -1.1561e-34 
           0.98    5.99927e-20    2.07272e-34 
          0.985    3.77315e-20   -2.30801e-35 
           0.99    1.64038e-20   -4.92893e-35 
          0.995   -4.00112e-21   -3.61353e-34 
              1   -2.34943e-20    1.32119e-34 
