      z,       b_n0_Re,       b_n0_Im
             -1,   -3.30687e-13,    8.83032e-29 
         -0.995,    -3.2192e-13,    6.02157e-28 
          -0.99,   -3.12104e-13,   -3.95965e-28 
         -0.985,   -3.01159e-13,   -3.95176e-28 
          -0.98,   -2.89013e-13,    7.62435e-28 
         -0.975,   -2.75598e-13,   -8.21084e-29 
          -0.97,   -2.60853e-13,    5.81507e-28 
         -0.965,   -2.44727e-13,   -1.25063e-27 
          -0.96,   -2.27171e-13,   -1.39331e-30 
         -0.955,   -2.08145e-13,   -1.12192e-27 
          -0.95,   -1.87615e-13,    1.09589e-27 
         -0.945,   -1.65548e-13,   -2.29455e-28 
          -0.94,   -1.41919e-13,    -3.3105e-28 
         -0.935,   -1.16703e-13,   -1.12272e-27 
          -0.93,   -8.98797e-14,    -1.0833e-27 
         -0.925,   -6.14284e-14,   -2.12115e-28 
          -0.92,   -3.13306e-14,   -5.35024e-29 
         -0.915,    4.31722e-16,   -2.11219e-28 
          -0.91,    3.38763e-14,    8.74807e-28 
         -0.905,    6.90207e-14,    2.87956e-28 
           -0.9,    1.05882e-13,    7.00226e-28 
         -0.895,    1.44478e-13,   -5.04801e-28 
          -0.89,    1.84827e-13,    8.45837e-28 
         -0.885,    2.26945e-13,    1.49075e-27 
          -0.88,     2.7085e-13,   -1.06244e-27 
         -0.875,     3.1656e-13,    8.90077e-28 
          -0.87,    3.64091e-13,   -1.06741e-27 
         -0.865,    4.13461e-13,    4.33866e-28 
          -0.86,    4.64686e-13,    2.21557e-28 
         -0.855,    5.17782e-13,   -6.60164e-28 
          -0.85,    5.72767e-13,    1.27472e-27 
         -0.845,    6.29656e-13,    -1.7374e-27 
          -0.84,    6.88465e-13,   -1.47553e-27 
         -0.835,     7.4921e-13,   -6.58013e-28 
          -0.83,    8.11905e-13,   -2.86625e-29 
         -0.825,    8.76568e-13,    1.13302e-27 
          -0.82,    9.43213e-13,   -6.78105e-29 
         -0.815,    1.01186e-12,     5.5544e-28 
          -0.81,    1.08251e-12,    3.99769e-28 
         -0.805,     1.1552e-12,    -6.2029e-28 
           -0.8,    1.22994e-12,   -1.06663e-27 
         -0.795,    1.30673e-12,   -7.58094e-28 
          -0.79,    1.38562e-12,   -4.87964e-28 
         -0.785,     1.4666e-12,    2.64773e-28 
          -0.78,     1.5497e-12,   -9.63415e-28 
         -0.775,    1.63495e-12,     -4.627e-28 
          -0.77,    1.72236e-12,   -2.91174e-28 
         -0.765,    1.81195e-12,    1.60604e-27 
          -0.76,    1.90375e-12,   -3.01538e-28 
         -0.755,    1.99779e-12,    7.61514e-28 
          -0.75,     2.0941e-12,     -3.448e-28 
         -0.745,     2.1927e-12,    5.16805e-28 
          -0.74,    2.29362e-12,   -1.06135e-27 
         -0.735,     2.3969e-12,   -1.34659e-27 
          -0.73,    2.50257e-12,    2.12392e-27 
         -0.725,    2.61067e-12,    2.37461e-28 
          -0.72,    2.72124e-12,    1.69623e-28 
         -0.715,    2.83433e-12,   -1.19486e-27 
          -0.71,    2.94997e-12,   -2.72794e-28 
         -0.705,    3.06822e-12,   -9.73474e-28 
           -0.7,    3.18912e-12,   -1.61047e-27 
         -0.695,    3.31274e-12,   -3.90883e-28 
          -0.69,    3.43912e-12,    -7.3138e-28 
         -0.685,    3.56833e-12,    3.87738e-28 
          -0.68,    3.70043e-12,    5.15449e-28 
         -0.675,    3.83549e-12,    5.74167e-28 
          -0.67,    3.97358e-12,   -8.40502e-28 
         -0.665,    4.11478e-12,    2.87684e-28 
          -0.66,    4.25917e-12,   -1.31291e-29 
         -0.655,    4.40684e-12,    5.35979e-28 
          -0.65,    4.55788e-12,   -8.01484e-28 
         -0.645,    4.71238e-12,    1.39604e-27 
          -0.64,    4.87046e-12,   -3.16217e-28 
         -0.635,    5.03223e-12,   -6.32161e-28 
          -0.63,    5.19781e-12,   -1.47157e-28 
         -0.625,    5.36733e-12,   -1.87918e-27 
          -0.62,    5.54095e-12,    1.29854e-27 
         -0.615,    5.71882e-12,    8.47184e-28 
          -0.61,    5.90111e-12,    1.10889e-27 
         -0.605,    6.08803e-12,   -1.19025e-27 
           -0.6,    6.27978e-12,    8.13707e-28 
         -0.595,    6.47661e-12,   -8.05578e-29 
          -0.59,    6.67879e-12,    -1.5867e-27 
         -0.585,    6.88661e-12,    1.01526e-27 
          -0.58,    7.10042e-12,   -3.84369e-29 
         -0.575,     7.3206e-12,   -2.76186e-28 
          -0.57,    7.54757e-12,    1.37482e-27 
         -0.565,    7.78183e-12,    1.31558e-28 
          -0.56,    8.02391e-12,     5.9167e-28 
         -0.555,    8.27443e-12,    4.77688e-28 
          -0.55,     8.5341e-12,   -6.53455e-28 
         -0.545,    8.80369e-12,   -9.22633e-28 
          -0.54,    9.08409e-12,   -3.43749e-28 
         -0.535,    9.37629e-12,    5.11087e-28 
          -0.53,    9.68143e-12,   -1.47964e-27 
         -0.525,    1.00007e-11,   -1.13619e-27 
          -0.52,    1.03357e-11,   -1.34371e-27 
         -0.515,    1.06878e-11,   -5.99271e-28 
          -0.51,    1.10588e-11,     6.3005e-28 
         -0.505,    1.14507e-11,   -1.28492e-27 
           -0.5,    1.18656e-11,   -1.64261e-27 
         -0.495,    1.23059e-11,   -2.21533e-28 
          -0.49,    1.27743e-11,    6.37313e-28 
         -0.485,    1.32736e-11,   -2.57802e-28 
          -0.48,    1.38068e-11,   -1.43603e-27 
         -0.475,    1.43774e-11,    4.37157e-28 
          -0.47,     1.4989e-11,   -1.13522e-28 
         -0.465,    1.56454e-11,   -2.37512e-28 
          -0.46,    1.63508e-11,   -1.57067e-27 
         -0.455,    1.71093e-11,    1.88697e-27 
          -0.45,    1.79256e-11,    4.78875e-28 
         -0.445,    1.88043e-11,   -4.19187e-28 
          -0.44,    1.97501e-11,   -1.31444e-27 
         -0.435,    2.07678e-11,   -4.84149e-28 
          -0.43,    2.18622e-11,   -2.35035e-27 
         -0.425,    2.30382e-11,   -1.06587e-30 
          -0.42,    2.43001e-11,    1.89654e-27 
         -0.415,    2.56523e-11,   -4.75523e-28 
          -0.41,    2.70988e-11,   -4.91525e-29 
         -0.405,     2.8643e-11,   -1.41487e-27 
           -0.4,    3.02878e-11,   -1.14299e-27 
         -0.395,    3.20353e-11,    4.58247e-28 
          -0.39,    3.38871e-11,    3.80868e-27 
         -0.385,    3.58436e-11,   -2.53804e-27 
          -0.38,    3.79042e-11,    -3.6238e-27 
         -0.375,    4.00672e-11,   -3.32412e-27 
          -0.37,    4.23299e-11,    -1.0937e-27 
         -0.365,    4.46881e-11,    2.87073e-27 
          -0.36,    4.71364e-11,   -3.37859e-27 
         -0.355,     4.9668e-11,    9.32674e-28 
          -0.35,     5.2275e-11,    -4.4834e-27 
         -0.345,    5.49479e-11,    3.64147e-27 
          -0.34,    5.76763e-11,   -2.02962e-27 
         -0.335,    6.04484e-11,    1.62428e-27 
          -0.33,    6.32515e-11,    2.15356e-27 
         -0.325,    6.60722e-11,   -3.28351e-27 
          -0.32,    6.88963e-11,    1.95849e-29 
         -0.315,    7.17089e-11,     2.5661e-27 
          -0.31,    7.44953e-11,   -2.73205e-27 
         -0.305,    7.72405e-11,     3.4405e-27 
           -0.3,    7.99296e-11,   -3.16474e-27 
         -0.295,    8.25484e-11,    2.20781e-28 
          -0.29,    8.50831e-11,    2.35372e-27 
         -0.285,     8.7521e-11,    1.45416e-28 
          -0.28,    8.98504e-11,    1.60383e-29 
         -0.275,    9.20609e-11,    8.74284e-28 
          -0.27,    9.41433e-11,   -1.82544e-28 
         -0.265,    9.60903e-11,    1.08137e-27 
          -0.26,    9.78958e-11,   -1.07854e-27 
         -0.255,    9.95558e-11,    2.91551e-28 
          -0.25,    1.01068e-10,   -1.48204e-27 
         -0.245,     1.0243e-10,   -7.85526e-28 
          -0.24,    1.03645e-10,    1.24433e-27 
         -0.235,    1.04713e-10,   -1.39812e-27 
          -0.23,    1.05639e-10,    1.59307e-27 
         -0.225,    1.06428e-10,    5.65373e-28 
          -0.22,    1.07085e-10,   -2.67808e-28 
         -0.215,    1.07618e-10,   -2.19803e-27 
          -0.21,    1.08034e-10,   -2.89878e-28 
         -0.205,    1.08342e-10,    3.67839e-28 
           -0.2,    1.08551e-10,    3.78976e-28 
         -0.195,     1.0867e-10,    1.05881e-27 
          -0.19,    1.08708e-10,    1.14604e-28 
         -0.185,    1.08674e-10,   -6.41635e-28 
          -0.18,    1.08578e-10,    3.93334e-28 
         -0.175,    1.08428e-10,   -1.05564e-28 
          -0.17,    1.08233e-10,    3.21212e-28 
         -0.165,    1.08001e-10,    3.56636e-28 
          -0.16,    1.07739e-10,     1.2453e-27 
         -0.155,    1.07454e-10,   -5.24284e-29 
          -0.15,    1.07152e-10,    2.94144e-28 
         -0.145,    1.06839e-10,    8.77975e-28 
          -0.14,    1.06521e-10,    1.20409e-27 
         -0.135,      1.062e-10,   -5.77001e-28 
          -0.13,    1.05882e-10,   -4.56972e-28 
         -0.125,    1.05569e-10,   -1.90031e-28 
          -0.12,    1.05265e-10,    2.38967e-28 
         -0.115,     1.0497e-10,    3.79353e-28 
          -0.11,    1.04688e-10,    4.70002e-29 
         -0.105,     1.0442e-10,     5.2071e-28 
           -0.1,    1.04166e-10,   -3.44671e-29 
         -0.095,    1.03927e-10,     1.2395e-28 
          -0.09,    1.03703e-10,   -3.32665e-28 
         -0.085,    1.03496e-10,    4.66186e-29 
          -0.08,    1.03304e-10,      2.414e-30 
         -0.075,    1.03127e-10,   -4.60826e-28 
          -0.07,    1.02966e-10,   -5.06127e-29 
         -0.065,    1.02819e-10,    1.83771e-28 
          -0.06,    1.02686e-10,    3.58783e-28 
         -0.055,    1.02566e-10,    2.81842e-29 
          -0.05,     1.0246e-10,    6.01672e-28 
         -0.045,    1.02365e-10,    1.17592e-28 
          -0.04,    1.02283e-10,   -9.02322e-29 
         -0.035,    1.02212e-10,    2.32947e-28 
          -0.03,    1.02151e-10,   -6.14008e-29 
         -0.025,      1.021e-10,    1.42061e-28 
          -0.02,     1.0206e-10,     1.8238e-28 
         -0.015,    1.02028e-10,   -3.19235e-29 
          -0.01,    1.02006e-10,   -1.90651e-30 
         -0.005,    1.01993e-10,   -2.43504e-29 
              0,    1.01989e-10,   -7.63597e-36 
          0.005,    1.01993e-10,    9.96799e-30 
           0.01,    1.02006e-10,    1.90657e-30 
          0.015,    1.02028e-10,    1.78102e-28 
           0.02,     1.0206e-10,    -1.8238e-28 
          0.025,      1.021e-10,   -2.34301e-28 
           0.03,    1.02151e-10,    6.14007e-29 
          0.035,    1.02212e-10,   -2.45122e-29 
           0.04,    1.02283e-10,    9.02322e-29 
          0.045,    1.02365e-10,   -1.17591e-28 
           0.05,     1.0246e-10,    4.91158e-28 
          0.055,    1.02566e-10,    -2.8184e-29 
           0.06,    1.02686e-10,   -2.42357e-28 
          0.065,    1.02819e-10,   -1.83771e-28 
           0.07,    1.02966e-10,    1.70619e-28 
          0.075,    1.03127e-10,    4.60826e-28 
           0.08,    1.03304e-10,   -1.95494e-28 
          0.085,    1.03496e-10,   -4.66185e-29 
           0.09,    1.03703e-10,   -1.34159e-28 
          0.095,    1.03927e-10,    -1.2395e-28 
            0.1,    1.04166e-10,   -8.61548e-29 
          0.105,     1.0442e-10,    -5.2071e-28 
           0.11,    1.04688e-10,    2.18592e-28 
          0.115,     1.0497e-10,   -3.79353e-28 
           0.12,    1.05265e-10,   -7.76791e-28 
          0.125,    1.05569e-10,    1.90031e-28 
           0.13,    1.05882e-10,    1.10286e-28 
          0.135,      1.062e-10,    5.77001e-28 
           0.14,    1.06521e-10,   -1.27676e-28 
          0.145,    1.06839e-10,   -8.77975e-28 
           0.15,    1.07152e-10,    1.57846e-28 
          0.155,    1.07454e-10,    5.24284e-29 
           0.16,    1.07739e-10,   -3.76424e-29 
          0.165,    1.08001e-10,   -3.56636e-28 
           0.17,    1.08233e-10,   -3.21212e-28 
          0.175,    1.08428e-10,   -6.79108e-28 
           0.18,    1.08578e-10,   -3.93334e-28 
          0.185,    1.08674e-10,    -1.1791e-28 
           0.19,    1.08708e-10,   -1.14604e-28 
          0.195,     1.0867e-10,    1.34027e-27 
            0.2,    1.08551e-10,   -3.78976e-28 
          0.205,    1.08342e-10,     2.9582e-28 
           0.21,    1.08034e-10,    2.89878e-28 
          0.215,    1.07618e-10,   -4.75625e-28 
           0.22,    1.07085e-10,    2.67808e-28 
          0.225,    1.06428e-10,    5.97824e-28 
           0.23,    1.05639e-10,   -1.59307e-27 
          0.235,    1.04713e-10,    8.74693e-28 
           0.24,    1.03645e-10,   -1.24433e-27 
          0.245,     1.0243e-10,    1.05832e-28 
           0.25,    1.01068e-10,    1.48204e-27 
          0.255,    9.95558e-11,    2.50771e-27 
           0.26,    9.78958e-11,    1.07854e-27 
          0.265,    9.60902e-11,    1.75548e-27 
           0.27,    9.41433e-11,    1.82545e-28 
          0.275,    9.20609e-11,   -9.41601e-29 
           0.28,    8.98504e-11,   -1.60381e-29 
          0.285,     8.7521e-11,    2.08328e-27 
           0.29,    8.50831e-11,   -2.35372e-27 
          0.295,    8.25484e-11,    2.66872e-28 
            0.3,    7.99296e-11,    3.68836e-27 
          0.305,    7.72405e-11,    -3.4405e-27 
           0.31,    7.44953e-11,   -4.12614e-27 
          0.315,    7.17089e-11,    -2.5661e-27 
           0.32,    6.88963e-11,   -4.65477e-27 
          0.325,    6.60722e-11,    3.28351e-27 
           0.33,    6.32515e-11,   -3.58347e-27 
          0.335,    6.04484e-11,   -1.62428e-27 
           0.34,    5.76763e-11,    -2.7799e-27 
          0.345,    5.49479e-11,   -3.64147e-27 
           0.35,     5.2275e-11,    3.13893e-27 
          0.355,     4.9668e-11,   -9.32674e-28 
           0.36,    4.71364e-11,   -1.52031e-27 
          0.365,    4.46881e-11,   -2.87073e-27 
           0.37,    4.23299e-11,    2.87282e-27 
          0.375,    4.00672e-11,    3.32412e-27 
           0.38,    3.79042e-11,    1.26023e-27 
          0.385,    3.58436e-11,    2.53804e-27 
           0.39,    3.38871e-11,    2.21146e-27 
          0.395,    3.20353e-11,   -4.58247e-28 
            0.4,    3.02878e-11,     -1.519e-27 
          0.405,     2.8643e-11,    1.41487e-27 
           0.41,    2.70988e-11,    3.31628e-29 
          0.415,    2.56523e-11,    4.75523e-28 
           0.42,    2.43001e-11,   -6.77641e-28 
          0.425,    2.30382e-11,    8.99959e-28 
           0.43,    2.18622e-11,    2.35035e-27 
          0.435,    2.07678e-11,    9.62059e-28 
           0.44,    1.97501e-11,    1.31444e-27 
          0.445,    1.88043e-11,    8.44331e-29 
           0.45,    1.79256e-11,   -4.78875e-28 
          0.455,    1.71093e-11,    2.16934e-27 
           0.46,    1.63508e-11,    1.57067e-27 
          0.465,    1.56454e-11,   -1.11505e-27 
           0.47,     1.4989e-11,    1.13522e-28 
          0.475,    1.43774e-11,     -9.304e-28 
           0.48,    1.38068e-11,    1.43603e-27 
          0.485,    1.32736e-11,   -1.09844e-27 
           0.49,    1.27743e-11,   -6.37313e-28 
          0.495,    1.23059e-11,   -4.68951e-28 
            0.5,    1.18656e-11,    1.64261e-27 
          0.505,    1.14507e-11,   -3.56528e-28 
           0.51,    1.10588e-11,    -6.3005e-28 
          0.515,    1.06878e-11,   -2.62768e-28 
           0.52,    1.03357e-11,    1.34371e-27 
          0.525,    1.00008e-11,    1.11033e-28 
           0.53,    9.68143e-12,    1.47964e-27 
          0.535,    9.37629e-12,   -1.33861e-27 
           0.54,    9.08409e-12,    3.43749e-28 
          0.545,    8.80369e-12,    9.22633e-28 
           0.55,     8.5341e-12,    6.53455e-28 
          0.555,    8.27443e-12,   -4.77688e-28 
           0.56,    8.02391e-12,    -5.9167e-28 
          0.565,    7.78183e-12,   -1.31558e-28 
           0.57,    7.54758e-12,   -1.37482e-27 
          0.575,     7.3206e-12,    2.76186e-28 
           0.58,    7.10043e-12,    3.84369e-29 
          0.585,    6.88662e-12,   -1.01526e-27 
           0.59,    6.67879e-12,    9.85951e-28 
          0.595,    6.47661e-12,    8.05577e-29 
            0.6,    6.27978e-12,   -9.05613e-28 
          0.605,    6.08803e-12,    1.19025e-27 
           0.61,    5.90111e-12,   -1.56945e-27 
          0.615,    5.71882e-12,   -8.47184e-28 
           0.62,    5.54095e-12,    7.88264e-28 
          0.625,    5.36734e-12,    1.87918e-27 
           0.63,    5.19781e-12,   -5.88375e-28 
          0.635,    5.03223e-12,    6.32161e-28 
           0.64,    4.87046e-12,    5.78087e-29 
          0.645,    4.71238e-12,   -1.39604e-27 
           0.65,    4.55788e-12,    1.37391e-27 
          0.655,    4.40684e-12,   -5.35979e-28 
           0.66,    4.25917e-12,    8.30352e-28 
          0.665,    4.11478e-12,   -2.87684e-28 
           0.67,    3.97358e-12,    8.40502e-28 
          0.675,    3.83549e-12,   -5.74167e-28 
           0.68,    3.70043e-12,   -5.15449e-28 
          0.685,    3.56833e-12,   -3.87738e-28 
           0.69,    3.43912e-12,     7.3138e-28 
          0.695,    3.31274e-12,    3.90883e-28 
            0.7,    3.18912e-12,    1.61047e-27 
          0.705,    3.06822e-12,    9.73474e-28 
           0.71,    2.94997e-12,    2.72794e-28 
          0.715,    2.83433e-12,    7.13722e-29 
           0.72,    2.72125e-12,   -1.69623e-28 
          0.725,    2.61067e-12,    1.11288e-27 
           0.73,    2.50257e-12,   -2.12392e-27 
          0.735,     2.3969e-12,   -8.12658e-28 
           0.74,    2.29362e-12,    1.06135e-27 
          0.745,     2.1927e-12,    2.58538e-28 
           0.75,     2.0941e-12,      3.448e-28 
          0.755,    1.99779e-12,    8.04659e-30 
           0.76,    1.90375e-12,    3.01538e-28 
          0.765,    1.81195e-12,    1.78172e-27 
           0.77,    1.72236e-12,    2.91174e-28 
          0.775,    1.63495e-12,    -4.1086e-29 
           0.78,     1.5497e-12,    9.63415e-28 
          0.785,     1.4666e-12,   -1.77494e-28 
           0.79,    1.38562e-12,    4.87964e-28 
          0.795,    1.30673e-12,    7.58094e-28 
            0.8,    1.22994e-12,    1.06663e-27 
          0.805,     1.1552e-12,     6.2029e-28 
           0.81,    1.08251e-12,   -3.99768e-28 
          0.815,    1.01186e-12,    -5.5544e-28 
           0.82,    9.43213e-13,    6.78105e-29 
          0.825,    8.76568e-13,   -1.13302e-27 
           0.83,    8.11905e-13,    1.29031e-27 
          0.835,     7.4921e-13,    6.58013e-28 
           0.84,    6.88465e-13,    6.63995e-29 
          0.845,    6.29656e-13,     1.7374e-27 
           0.85,    5.72767e-13,   -8.02431e-28 
          0.855,    5.17782e-13,    6.60164e-28 
           0.86,    4.64686e-13,   -9.48264e-28 
          0.865,    4.13461e-13,   -4.33866e-28 
           0.87,    3.64091e-13,    1.20042e-27 
          0.875,     3.1656e-13,   -8.90077e-28 
           0.88,     2.7085e-13,   -2.94545e-28 
          0.885,    2.26945e-13,   -1.49075e-27 
           0.89,    1.84827e-13,   -5.98419e-28 
          0.895,    1.44479e-13,    5.04801e-28 
            0.9,    1.05882e-13,    2.37665e-28 
          0.905,    6.90207e-14,   -2.87956e-28 
           0.91,    3.38764e-14,   -9.57063e-28 
          0.915,    4.31795e-16,     2.1122e-28 
           0.92,   -3.13305e-14,   -6.06084e-28 
          0.925,   -6.14283e-14,    2.12115e-28 
           0.93,   -8.98796e-14,     1.0833e-27 
          0.935,   -1.16703e-13,    1.12272e-27 
           0.94,   -1.41919e-13,     3.3105e-28 
          0.945,   -1.65548e-13,   -1.03469e-27 
           0.95,   -1.87614e-13,   -1.09589e-27 
          0.955,   -2.08145e-13,    2.16908e-28 
           0.96,   -2.27171e-13,    1.39332e-30 
          0.965,   -2.44727e-13,    1.46591e-27 
           0.97,   -2.60853e-13,   -5.81507e-28 
          0.975,   -2.75598e-13,    6.71731e-29 
           0.98,   -2.89013e-13,   -7.62435e-28 
          0.985,   -3.01159e-13,    6.73451e-28 
           0.99,   -3.12104e-13,    3.95965e-28 
          0.995,    -3.2192e-13,   -6.78732e-28 
              1,   -3.30687e-13,   -8.83032e-29 
