      z,       b_n0_Re,       b_n0_Im
             -1,    1.87102e-13,      2.136e-27 
         -0.995,    2.02387e-13,   -1.30999e-27 
          -0.99,    2.18873e-13,    1.46198e-27 
         -0.985,    2.36592e-13,   -4.28531e-28 
          -0.98,     2.5559e-13,      1.123e-28 
         -0.975,    2.75912e-13,   -6.77725e-28 
          -0.97,    2.97596e-13,   -1.13354e-27 
         -0.965,    3.20657e-13,    2.43642e-28 
          -0.96,    3.45072e-13,   -2.41186e-28 
         -0.955,    3.70761e-13,    7.16558e-28 
          -0.95,    3.97578e-13,    2.02446e-28 
         -0.945,     4.2529e-13,     4.7412e-28 
          -0.94,    4.53571e-13,    1.06666e-27 
         -0.935,    4.81999e-13,    8.28109e-28 
          -0.93,    5.10057e-13,   -2.29947e-28 
         -0.925,    5.37139e-13,   -1.38643e-27 
          -0.92,     5.6257e-13,   -1.52936e-27 
         -0.915,    5.85626e-13,   -1.42725e-27 
          -0.91,    6.05551e-13,   -1.42532e-27 
         -0.905,    6.21586e-13,    5.24894e-28 
           -0.9,    6.32987e-13,    2.49296e-28 
         -0.895,     6.3904e-13,   -7.98035e-28 
          -0.89,    6.39066e-13,   -8.49106e-29 
         -0.885,     6.3242e-13,   -1.96578e-27 
          -0.88,     6.1848e-13,    2.12659e-27 
         -0.875,    5.96617e-13,   -6.83667e-28 
          -0.87,    5.66164e-13,    1.77657e-27 
         -0.865,    5.26377e-13,    1.62878e-27 
          -0.86,    4.76376e-13,   -1.63746e-27 
         -0.855,    4.15103e-13,   -3.63907e-27 
          -0.85,    3.41262e-13,   -6.64628e-28 
         -0.845,    2.53272e-13,   -6.84038e-28 
          -0.84,    1.49225e-13,    2.83157e-27 
         -0.835,    2.68584e-14,    3.65789e-27 
          -0.83,   -1.16452e-13,   -2.26444e-27 
         -0.825,   -2.83679e-13,   -2.61192e-27 
          -0.82,   -4.78091e-13,   -3.41511e-27 
         -0.815,   -7.03163e-13,    2.69792e-27 
          -0.81,   -9.62445e-13,    1.39431e-27 
         -0.805,   -1.25938e-12,    7.30906e-28 
           -0.8,   -1.59705e-12,   -5.41476e-27 
         -0.795,   -1.97792e-12,   -1.16472e-28 
          -0.79,   -2.40349e-12,   -2.76837e-27 
         -0.785,   -2.87395e-12,   -3.65781e-27 
          -0.78,   -3.38781e-12,   -4.19903e-27 
         -0.775,   -3.94154e-12,   -2.35978e-27 
          -0.77,   -4.52932e-12,   -9.31468e-28 
         -0.765,   -5.14279e-12,    8.10554e-27 
          -0.76,   -5.77104e-12,    2.84514e-27 
         -0.755,   -6.40061e-12,   -1.34076e-27 
          -0.75,   -7.01581e-12,    2.80087e-28 
         -0.745,   -7.59916e-12,    3.02381e-27 
          -0.74,   -8.13203e-12,   -6.73001e-28 
         -0.735,    -8.5954e-12,   -1.98727e-28 
          -0.73,   -8.97076e-12,   -9.74991e-28 
         -0.725,   -9.24102e-12,    2.62483e-27 
          -0.72,   -9.39142e-12,   -1.68506e-27 
         -0.715,   -9.41026e-12,     4.6897e-28 
          -0.71,   -9.28955e-12,    1.31875e-28 
         -0.705,    -9.0253e-12,    3.91716e-27 
           -0.7,   -8.61773e-12,    1.06437e-27 
         -0.695,   -8.07106e-12,    -1.5356e-28 
          -0.69,   -7.39317e-12,    8.21516e-27 
         -0.685,   -6.59505e-12,    -3.8613e-27 
          -0.68,   -5.69009e-12,    7.71884e-27 
         -0.675,   -4.69329e-12,    1.47291e-27 
          -0.67,   -3.62054e-12,    7.40018e-27 
         -0.665,   -2.48781e-12,    6.07146e-27 
          -0.66,   -1.31055e-12,    4.80904e-27 
         -0.655,   -1.03086e-13,   -8.36417e-27 
          -0.65,    1.12175e-12,   -8.01763e-27 
         -0.645,    2.35292e-12,   -1.81846e-27 
          -0.64,    3.58132e-12,   -5.88503e-27 
         -0.635,    4.79986e-12,    5.95254e-27 
          -0.63,    6.00336e-12,   -7.44394e-28 
         -0.625,    7.18848e-12,   -1.86978e-27 
          -0.62,    8.35351e-12,    -3.6408e-27 
         -0.615,    9.49821e-12,   -3.17599e-27 
          -0.61,    1.06236e-11,   -1.46094e-27 
         -0.605,    1.17316e-11,    1.05573e-27 
           -0.6,    1.28253e-11,    6.80711e-27 
         -0.595,    1.39082e-11,   -1.07904e-26 
          -0.59,    1.49845e-11,     7.5808e-27 
         -0.585,    1.60588e-11,    4.48226e-27 
          -0.58,    1.71362e-11,    8.11141e-28 
         -0.575,    1.82221e-11,   -1.24426e-27 
          -0.57,    1.93221e-11,    5.48744e-27 
         -0.565,    2.04425e-11,    -4.5588e-27 
          -0.56,    2.15896e-11,    1.75916e-27 
         -0.555,    2.27707e-11,    7.90725e-27 
          -0.55,    2.39932e-11,    2.82089e-27 
         -0.545,    2.52656e-11,    6.05996e-27 
          -0.54,    2.65971e-11,   -4.81693e-27 
         -0.535,     2.7998e-11,    3.09986e-27 
          -0.53,      2.948e-11,    1.36877e-27 
         -0.525,    3.10562e-11,   -4.91127e-27 
          -0.52,    3.27418e-11,   -7.49663e-27 
         -0.515,     3.4554e-11,    3.05606e-27 
          -0.51,    3.65126e-11,     7.0785e-29 
         -0.505,    3.86404e-11,    2.58568e-28 
           -0.5,    4.09638e-11,   -1.50176e-27 
         -0.495,    4.35129e-11,     2.6795e-27 
          -0.49,    4.63225e-11,   -1.00886e-26 
         -0.485,    4.94325e-11,    7.74624e-27 
          -0.48,    5.28885e-11,    3.70182e-27 
         -0.475,    5.67421e-11,   -6.39631e-27 
          -0.47,    6.10519e-11,   -5.40743e-27 
         -0.465,    6.58839e-11,    8.55667e-29 
          -0.46,    7.13115e-11,   -7.03138e-29 
         -0.455,    7.74157e-11,   -2.41494e-27 
          -0.45,    8.42852e-11,    8.05112e-27 
         -0.445,    9.20156e-11,    4.00591e-27 
          -0.44,    1.00708e-10,    5.96203e-27 
         -0.435,    1.10469e-10,    2.09505e-27 
          -0.43,    1.21405e-10,    8.57294e-27 
         -0.425,    1.33621e-10,    1.23593e-26 
          -0.42,    1.47217e-10,   -5.50451e-27 
         -0.415,    1.62282e-10,    5.97974e-27 
          -0.41,    1.78886e-10,    5.77945e-28 
         -0.405,    1.97075e-10,   -1.27679e-26 
           -0.4,    2.16862e-10,   -8.99104e-27 
         -0.395,    2.38221e-10,   -2.47604e-27 
          -0.39,    2.61076e-10,    5.07134e-27 
         -0.385,    2.85294e-10,   -7.01299e-27 
          -0.38,    3.10684e-10,    9.34614e-27 
         -0.375,    3.36986e-10,   -7.62558e-27 
          -0.37,    3.63879e-10,    8.43986e-27 
         -0.365,    3.90975e-10,   -5.23753e-27 
          -0.36,    4.17836e-10,   -1.84718e-27 
         -0.355,     4.4398e-10,    1.42218e-27 
          -0.35,    4.68897e-10,   -5.85535e-27 
         -0.345,    4.92072e-10,   -1.54175e-27 
          -0.34,    5.13009e-10,    3.31732e-27 
         -0.335,    5.31248e-10,    5.83805e-27 
          -0.33,    5.46397e-10,    8.63865e-27 
         -0.325,    5.58146e-10,    3.69934e-28 
          -0.32,     5.6629e-10,    -7.0196e-27 
         -0.315,    5.70735e-10,    5.49702e-27 
          -0.31,    5.71503e-10,   -3.51166e-28 
         -0.305,    5.68734e-10,    5.04309e-27 
           -0.3,    5.62667e-10,    1.32194e-27 
         -0.295,    5.53633e-10,   -5.10992e-27 
          -0.29,    5.42031e-10,   -7.96326e-27 
         -0.285,    5.28304e-10,    2.83536e-27 
          -0.28,    5.12916e-10,   -1.61893e-28 
         -0.275,     4.9633e-10,   -1.97309e-27 
          -0.27,    4.78988e-10,   -2.17678e-27 
         -0.265,    4.61294e-10,   -2.99841e-27 
          -0.26,      4.436e-10,   -4.12502e-27 
         -0.255,    4.26201e-10,    8.30693e-27 
          -0.25,    4.09326e-10,    1.27286e-28 
         -0.245,    3.93146e-10,    2.82293e-27 
          -0.24,     3.7777e-10,    3.60154e-27 
         -0.235,    3.63254e-10,    4.95554e-27 
          -0.23,    3.49607e-10,   -1.78917e-27 
         -0.225,    3.36801e-10,   -5.14437e-27 
          -0.22,    3.24779e-10,   -5.17145e-27 
         -0.215,    3.13464e-10,    9.56951e-28 
          -0.21,    3.02767e-10,    1.42917e-27 
         -0.205,    2.92596e-10,     2.8276e-27 
           -0.2,    2.82862e-10,   -2.56232e-27 
         -0.195,    2.73486e-10,   -1.75869e-27 
          -0.19,    2.64404e-10,    -4.9592e-28 
         -0.185,    2.55571e-10,    4.63125e-27 
          -0.18,    2.46965e-10,     2.2066e-28 
         -0.175,    2.38586e-10,    1.62401e-29 
          -0.17,    2.30461e-10,    4.13583e-27 
         -0.165,    2.22637e-10,   -4.80031e-27 
          -0.16,    2.15186e-10,   -2.82914e-27 
         -0.155,    2.08193e-10,   -5.54807e-28 
          -0.15,    2.01758e-10,   -1.53114e-27 
         -0.145,    1.95987e-10,   -3.16212e-27 
          -0.14,    1.90984e-10,     4.9687e-28 
         -0.135,    1.86846e-10,   -3.26159e-27 
          -0.13,    1.83656e-10,    4.70734e-27 
         -0.125,    1.81473e-10,     -6.456e-28 
          -0.12,    1.80334e-10,   -1.13792e-27 
         -0.115,    1.80245e-10,    8.91387e-29 
          -0.11,    1.81181e-10,   -4.93489e-28 
         -0.105,    1.83087e-10,    1.54394e-28 
           -0.1,    1.85882e-10,    4.42979e-28 
         -0.095,    1.89461e-10,   -5.09935e-28 
          -0.09,    1.93701e-10,    7.87047e-28 
         -0.085,    1.98467e-10,   -6.81814e-28 
          -0.08,    2.03619e-10,   -1.63219e-27 
         -0.075,    2.09017e-10,   -2.27164e-28 
          -0.07,    2.14527e-10,    7.49224e-30 
         -0.065,    2.20026e-10,     9.0022e-28 
          -0.06,    2.25402e-10,    1.37943e-27 
         -0.055,    2.30561e-10,    2.13175e-27 
          -0.05,    2.35424e-10,   -2.75279e-27 
         -0.045,    2.39927e-10,    1.54317e-27 
          -0.04,    2.44022e-10,    1.27675e-28 
         -0.035,    2.47674e-10,    8.84015e-28 
          -0.03,    2.50859e-10,   -7.51467e-28 
         -0.025,    2.53563e-10,     5.6542e-28 
          -0.02,    2.55778e-10,   -1.16099e-27 
         -0.015,      2.575e-10,   -9.95598e-30 
          -0.01,    2.58729e-10,    2.46222e-28 
         -0.005,    2.59466e-10,   -1.44819e-28 
              0,    2.59711e-10,   -5.70602e-43 
          0.005,    2.59466e-10,    3.69155e-28 
           0.01,    2.58729e-10,   -2.46222e-28 
          0.015,      2.575e-10,   -6.26339e-28 
           0.02,    2.55778e-10,    1.16099e-27 
          0.025,    2.53563e-10,   -7.24763e-28 
           0.03,    2.50859e-10,    7.51467e-28 
          0.035,    2.47674e-10,    1.67723e-28 
           0.04,    2.44022e-10,   -1.27675e-28 
          0.045,    2.39927e-10,   -1.54317e-27 
           0.05,    2.35424e-10,    1.39194e-28 
          0.055,    2.30561e-10,   -2.13175e-27 
           0.06,    2.25402e-10,    -2.7724e-28 
          0.065,    2.20026e-10,    -9.0022e-28 
           0.07,    2.14527e-10,   -9.14921e-28 
          0.075,    2.09017e-10,    2.27164e-28 
           0.08,    2.03619e-10,    3.52656e-27 
          0.085,    1.98467e-10,    6.81814e-28 
           0.09,    1.93701e-10,   -8.19289e-28 
          0.095,    1.89461e-10,    5.09935e-28 
            0.1,    1.85882e-10,   -1.33644e-27 
          0.105,    1.83087e-10,   -1.54394e-28 
           0.11,    1.81181e-10,   -3.40433e-27 
          0.115,    1.80245e-10,   -8.91387e-29 
           0.12,    1.80334e-10,    3.91103e-27 
          0.125,    1.81473e-10,      6.456e-28 
           0.13,    1.83656e-10,    2.74511e-27 
          0.135,    1.86846e-10,    3.26159e-27 
           0.14,    1.90984e-10,    1.24757e-27 
          0.145,    1.95987e-10,    3.16212e-27 
           0.15,    2.01758e-10,   -1.60573e-27 
          0.155,    2.08193e-10,    5.54807e-28 
           0.16,    2.15186e-10,   -2.71918e-27 
          0.165,    2.22637e-10,    4.80031e-27 
           0.17,    2.30461e-10,   -4.13583e-27 
          0.175,    2.38586e-10,    1.20611e-27 
           0.18,    2.46965e-10,    -2.2066e-28 
          0.185,    2.55571e-10,    7.36317e-28 
           0.19,    2.64404e-10,     4.9592e-28 
          0.195,    2.73486e-10,    -2.0659e-27 
            0.2,    2.82862e-10,    2.56232e-27 
          0.205,    2.92596e-10,    5.66618e-29 
           0.21,    3.02767e-10,   -1.42917e-27 
          0.215,    3.13464e-10,     6.4436e-28 
           0.22,    3.24779e-10,    5.17145e-27 
          0.225,    3.36801e-10,    5.27669e-27 
           0.23,    3.49607e-10,    1.78917e-27 
          0.235,    3.63254e-10,   -5.43723e-27 
           0.24,     3.7777e-10,   -3.60154e-27 
          0.245,    3.93146e-10,    -1.1097e-27 
           0.25,    4.09326e-10,   -1.27286e-28 
          0.255,    4.26201e-10,      6.431e-27 
           0.26,      4.436e-10,    4.12502e-27 
          0.265,    4.61294e-10,   -1.81778e-27 
           0.27,    4.78988e-10,    2.17678e-27 
          0.275,     4.9633e-10,   -8.03608e-27 
           0.28,    5.12916e-10,    1.61893e-28 
          0.285,    5.28304e-10,    4.59807e-27 
           0.29,    5.42031e-10,    7.96326e-27 
          0.295,    5.53633e-10,    1.01411e-27 
            0.3,    5.62667e-10,    1.64094e-27 
          0.305,    5.68734e-10,   -5.04309e-27 
           0.31,    5.71503e-10,   -4.79124e-28 
          0.315,    5.70735e-10,   -5.49702e-27 
           0.32,     5.6629e-10,    2.19888e-27 
          0.325,    5.58146e-10,   -3.69934e-28 
           0.33,    5.46397e-10,   -1.46391e-27 
          0.335,    5.31248e-10,   -5.83805e-27 
           0.34,    5.13009e-10,   -7.62372e-27 
          0.345,    4.92072e-10,    1.54175e-27 
           0.35,    4.68897e-10,   -1.09094e-26 
          0.355,     4.4398e-10,   -1.42218e-27 
           0.36,    4.17836e-10,    7.75228e-27 
          0.365,    3.90975e-10,    5.23753e-27 
           0.37,    3.63879e-10,     1.0656e-26 
          0.375,    3.36986e-10,    7.62558e-27 
           0.38,    3.10684e-10,   -1.41943e-26 
          0.385,    2.85294e-10,    7.01299e-27 
           0.39,    2.61076e-10,   -1.39366e-29 
          0.395,    2.38221e-10,    2.47604e-27 
            0.4,    2.16862e-10,     1.9947e-27 
          0.405,    1.97075e-10,    1.27679e-26 
           0.41,    1.78886e-10,    1.08356e-27 
          0.415,    1.62282e-10,   -5.97974e-27 
           0.42,    1.47217e-10,      9.907e-28 
          0.425,    1.33621e-10,   -5.36491e-28 
           0.43,    1.21405e-10,   -8.57294e-27 
          0.435,    1.10469e-10,   -6.71152e-27 
           0.44,    1.00708e-10,   -5.96203e-27 
          0.445,    9.20156e-11,   -3.42258e-27 
           0.45,    8.42852e-11,   -8.05112e-27 
          0.455,    7.74157e-11,   -5.88994e-27 
           0.46,    7.13115e-11,    7.03138e-29 
          0.465,    6.58839e-11,    2.36568e-27 
           0.47,    6.10519e-11,    5.40743e-27 
          0.475,    5.67421e-11,    4.22763e-27 
           0.48,    5.28885e-11,   -3.70182e-27 
          0.485,    4.94325e-11,     1.3932e-27 
           0.49,    4.63225e-11,    1.00886e-26 
          0.495,    4.35129e-11,    5.99127e-27 
            0.5,    4.09638e-11,    1.50176e-27 
          0.505,    3.86404e-11,    1.80856e-27 
           0.51,    3.65126e-11,    -7.0785e-29 
          0.515,     3.4554e-11,   -3.83445e-27 
           0.52,    3.27418e-11,    7.49663e-27 
          0.525,    3.10562e-11,   -1.27968e-27 
           0.53,      2.948e-11,   -1.36877e-27 
          0.535,     2.7998e-11,    6.43464e-27 
           0.54,    2.65971e-11,    4.81693e-27 
          0.545,    2.52656e-11,   -6.05996e-27 
           0.55,    2.39932e-11,   -2.82089e-27 
          0.555,    2.27707e-11,   -7.90725e-27 
           0.56,    2.15896e-11,   -1.75916e-27 
          0.565,    2.04425e-11,     4.5588e-27 
           0.57,    1.93221e-11,   -5.48744e-27 
          0.575,    1.82221e-11,    1.24426e-27 
           0.58,    1.71362e-11,   -8.11141e-28 
          0.585,    1.60588e-11,   -4.48226e-27 
           0.59,    1.49845e-11,   -2.81955e-27 
          0.595,    1.39082e-11,    1.07904e-26 
            0.6,    1.28253e-11,    6.78694e-27 
          0.605,    1.17316e-11,   -1.05573e-27 
           0.61,    1.06236e-11,    1.71348e-27 
          0.615,    9.49821e-12,    3.17599e-27 
           0.62,    8.35351e-12,    5.29748e-27 
          0.625,    7.18848e-12,    1.86978e-27 
           0.63,    6.00336e-12,    1.24981e-27 
          0.635,    4.79986e-12,   -5.95254e-27 
           0.64,    3.58132e-12,   -2.83653e-27 
          0.645,    2.35292e-12,    1.81846e-27 
           0.65,    1.12175e-12,    4.15726e-27 
          0.655,   -1.03086e-13,    8.36417e-27 
           0.66,   -1.31055e-12,   -1.12475e-26 
          0.665,   -2.48781e-12,   -6.07146e-27 
           0.67,   -3.62054e-12,   -7.40018e-27 
          0.675,   -4.69329e-12,   -1.47291e-27 
           0.68,   -5.69009e-12,   -7.71884e-27 
          0.685,   -6.59505e-12,     3.8613e-27 
           0.69,   -7.39317e-12,   -8.21516e-27 
          0.695,   -8.07106e-12,     1.5356e-28 
            0.7,   -8.61773e-12,   -1.06437e-27 
          0.705,    -9.0253e-12,   -3.91716e-27 
           0.71,   -9.28955e-12,   -1.31875e-28 
          0.715,   -9.41026e-12,    3.12093e-29 
           0.72,   -9.39142e-12,    1.68506e-27 
          0.725,   -9.24102e-12,   -3.97927e-27 
           0.73,   -8.97076e-12,    9.74991e-28 
          0.735,    -8.5954e-12,   -3.22574e-28 
           0.74,   -8.13203e-12,    6.73001e-28 
          0.745,   -7.59916e-12,   -3.76226e-27 
           0.75,   -7.01581e-12,   -2.80087e-28 
          0.755,   -6.40061e-12,   -5.38502e-28 
           0.76,   -5.77104e-12,   -2.84514e-27 
          0.765,   -5.14279e-12,    5.53351e-27 
           0.77,   -4.52932e-12,    9.31468e-28 
          0.775,   -3.94154e-12,    1.84634e-27 
           0.78,   -3.38781e-12,    4.19903e-27 
          0.785,   -2.87395e-12,    3.04423e-27 
           0.79,   -2.40349e-12,    2.76837e-27 
          0.795,   -1.97792e-12,    1.16472e-28 
            0.8,   -1.59705e-12,    5.41476e-27 
          0.805,   -1.25938e-12,   -7.30906e-28 
           0.81,   -9.62445e-13,   -1.39431e-27 
          0.815,   -7.03163e-13,   -2.69792e-27 
           0.82,   -4.78091e-13,    3.41511e-27 
          0.825,   -2.83679e-13,    2.61192e-27 
           0.83,   -1.16452e-13,    3.39341e-27 
          0.835,    2.68584e-14,   -3.65789e-27 
           0.84,    1.49225e-13,    2.95313e-27 
          0.845,    2.53272e-13,    6.84038e-28 
           0.85,    3.41262e-13,    6.80729e-28 
          0.855,    4.15103e-13,    3.63907e-27 
           0.86,    4.76376e-13,   -2.15592e-27 
          0.865,    5.26377e-13,   -1.62878e-27 
           0.87,    5.66164e-13,   -2.87758e-27 
          0.875,    5.96617e-13,    6.83667e-28 
           0.88,     6.1848e-13,    3.16908e-28 
          0.885,     6.3242e-13,    1.96578e-27 
           0.89,    6.39066e-13,    6.39034e-28 
          0.895,     6.3904e-13,    7.98035e-28 
            0.9,    6.32987e-13,    1.86456e-27 
          0.905,    6.21586e-13,   -5.24894e-28 
           0.91,    6.05551e-13,   -9.45734e-28 
          0.915,    5.85626e-13,    1.42725e-27 
           0.92,     5.6257e-13,    -4.5223e-28 
          0.925,    5.37139e-13,    1.38643e-27 
           0.93,    5.10057e-13,    2.29947e-28 
          0.935,    4.81999e-13,   -8.28109e-28 
           0.94,    4.53571e-13,   -1.06666e-27 
          0.945,     4.2529e-13,   -1.33575e-27 
           0.95,    3.97578e-13,   -2.02446e-28 
          0.955,    3.70761e-13,    1.80432e-27 
           0.96,    3.45072e-13,    2.41186e-28 
          0.965,    3.20657e-13,    -1.1923e-27 
           0.97,    2.97596e-13,    1.13354e-27 
          0.975,    2.75912e-13,    1.63889e-27 
           0.98,     2.5559e-13,     -1.123e-28 
          0.985,    2.36592e-13,   -1.22513e-27 
           0.99,    2.18873e-13,   -1.46198e-27 
          0.995,    2.02387e-13,   -1.25487e-27 
              1,    1.87102e-13,     -2.136e-27 
