#Field excitation parameters for each multipole n 
# row1: reference radius r0 [m] 
# row2: LEFF[m] 
# row3: Field excitation on multipole 
   0.2
   0.745359
#Fields at r0 for each multipole component 
#n=  2        3     4     5     6     7     8     9     10
     1.90584     4.04383e-10     3.38086e-11     3.49798e-10     0.00982219     4.00193e-322     6.93826e-310     6.93826e-310     6.86194e-08
# Enge coefs 
# n  ee  c0 c1 c2 c3 c4 c5 c6 c7 c8 c9 c10 c11
  0  0  0 2 0 0 0 0 0 0 0 0 0 0 
  0  1  0 2 0 0 0 0 0 0 0 0 0 0 
  1  0  -28284.3 4.9 0 0 0 0 0 0 0 0 0 0 
  1  1  0 4.9 0 0 0 0 0 0 0 0 0 0 
  2  0  0.229208 5.35752 -2.82744 2.49844 0 0 0 0 0 0 0 0 
  2  1  0.229208 5.35752 -2.82744 2.49844 0 0 0 0 0 0 0 0 
  3  0  0 5 0 0 0 0 0 0 0 0 0 0 
  3  1  0 5 0 0 0 0 0 0 0 0 0 0 
  4  0  0 6 0 0 0 0 0 0 0 0 0 0 
  4  1  0 6 0 0 0 0 0 0 0 0 0 0 
  5  0  0 7 0 0 0 0 0 0 0 0 0 0 
  5  1  0 7 0 0 0 0 0 0 0 0 0 0 
  6  0  -0.103261 6.35097 0.384274 1.25913 0 0 0 0 0 0 0 0 
  6  1  -0.103261 6.35097 0.384274 1.25913 0 0 0 0 0 0 0 0 
  7  0  0 7 0 0 0 0 0 0 0 0 0 0 
  7  1  0 7 0 0 0 0 0 0 0 0 0 0 
  8  0  -28284.3 8 0 0 0 0 0 0 0 0 0 0 
  8  1  0 8 0 0 0 0 0 0 0 0 0 0 
  9  0  -28284.3 9 0 0 0 0 0 0 0 0 0 0 
  9  1  0 9 0 0 0 0 0 0 0 0 0 0 
  10  0  0 10 0 0 0 0 0 0 0 0 0 0 
  10  1  0 10 0 0 0 0 0 0 0 0 0 0 
