 144   Amps (Ilim=180) 
 0.2   r0[m] 
 401   Nz data points 
 z[m]  EngeProd 
 -1   0.00257004 
 -0.995   0.00270374 
 -0.99   0.00284394 
 -0.985   0.00299093 
 -0.98   0.00314503 
 -0.975   0.00330656 
 -0.97   0.00347585 
 -0.965   0.00365327 
 -0.96   0.00383916 
 -0.955   0.00403392 
 -0.95   0.00423794 
 -0.945   0.00445163 
 -0.94   0.00467544 
 -0.935   0.00490981 
 -0.93   0.00515522 
 -0.925   0.00541215 
 -0.92   0.00568112 
 -0.915   0.00596266 
 -0.91   0.00625732 
 -0.905   0.00656569 
 -0.9   0.00688838 
 -0.895   0.007226 
 -0.89   0.00757923 
 -0.885   0.00794874 
 -0.88   0.00833524 
 -0.875   0.00873949 
 -0.87   0.00916225 
 -0.865   0.00960434 
 -0.86   0.0100666 
 -0.855   0.0105499 
 -0.85   0.0110551 
 -0.845   0.0115833 
 -0.84   0.0121353 
 -0.835   0.0127123 
 -0.83   0.0133153 
 -0.825   0.0139454 
 -0.82   0.0146038 
 -0.815   0.0152918 
 -0.81   0.0160105 
 -0.805   0.0167613 
 -0.8   0.0175455 
 -0.795   0.0183647 
 -0.79   0.0192202 
 -0.785   0.0201136 
 -0.78   0.0210466 
 -0.775   0.0220209 
 -0.77   0.023038 
 -0.765   0.0241 
 -0.76   0.0252086 
 -0.755   0.0263658 
 -0.75   0.0275737 
 -0.745   0.0288344 
 -0.74   0.0301501 
 -0.735   0.0315231 
 -0.73   0.0329558 
 -0.725   0.0344506 
 -0.72   0.0360102 
 -0.715   0.0376372 
 -0.71   0.0393344 
 -0.705   0.0411047 
 -0.7   0.0429511 
 -0.695   0.0448766 
 -0.69   0.0468845 
 -0.685   0.0489782 
 -0.68   0.0511612 
 -0.675   0.0534369 
 -0.67   0.0558092 
 -0.665   0.0582819 
 -0.66   0.060859 
 -0.655   0.0635446 
 -0.65   0.0663431 
 -0.645   0.0692588 
 -0.64   0.0722963 
 -0.635   0.0754604 
 -0.63   0.0787559 
 -0.625   0.0821879 
 -0.62   0.0857615 
 -0.615   0.0894822 
 -0.61   0.0933554 
 -0.605   0.0973868 
 -0.6   0.101582 
 -0.595   0.105948 
 -0.59   0.110489 
 -0.585   0.115214 
 -0.58   0.120127 
 -0.575   0.125236 
 -0.57   0.130547 
 -0.565   0.136068 
 -0.56   0.141806 
 -0.555   0.147767 
 -0.55   0.153959 
 -0.545   0.160389 
 -0.54   0.167066 
 -0.535   0.173996 
 -0.53   0.181188 
 -0.525   0.188649 
 -0.52   0.196387 
 -0.515   0.20441 
 -0.51   0.212726 
 -0.505   0.221343 
 -0.5   0.230269 
 -0.495   0.239511 
 -0.49   0.249078 
 -0.485   0.258976 
 -0.48   0.269213 
 -0.475   0.279798 
 -0.47   0.290735 
 -0.465   0.302033 
 -0.46   0.313698 
 -0.455   0.325736 
 -0.45   0.338153 
 -0.445   0.350953 
 -0.44   0.364142 
 -0.435   0.377724 
 -0.43   0.391703 
 -0.425   0.406082 
 -0.42   0.420862 
 -0.415   0.436046 
 -0.41   0.451634 
 -0.405   0.467626 
 -0.4   0.484021 
 -0.395   0.500817 
 -0.39   0.518011 
 -0.385   0.535599 
 -0.38   0.553576 
 -0.375   0.571935 
 -0.37   0.590669 
 -0.365   0.609768 
 -0.36   0.629224 
 -0.355   0.649025 
 -0.35   0.669159 
 -0.345   0.689611 
 -0.34   0.710367 
 -0.335   0.73141 
 -0.33   0.752724 
 -0.325   0.774289 
 -0.32   0.796085 
 -0.315   0.818093 
 -0.31   0.840289 
 -0.305   0.862651 
 -0.3   0.885156 
 -0.295   0.907777 
 -0.29   0.930491 
 -0.285   0.953271 
 -0.28   0.976091 
 -0.275   0.998923 
 -0.27   1.02174 
 -0.265   1.04452 
 -0.26   1.06722 
 -0.255   1.08983 
 -0.25   1.11232 
 -0.245   1.13465 
 -0.24   1.15681 
 -0.235   1.17876 
 -0.23   1.20048 
 -0.225   1.22195 
 -0.22   1.24314 
 -0.215   1.26403 
 -0.21   1.2846 
 -0.205   1.30482 
 -0.2   1.32468 
 -0.195   1.34416 
 -0.19   1.36323 
 -0.185   1.38189 
 -0.18   1.40012 
 -0.175   1.4179 
 -0.17   1.43522 
 -0.165   1.45207 
 -0.16   1.46845 
 -0.155   1.48433 
 -0.15   1.49971 
 -0.145   1.5146 
 -0.14   1.52897 
 -0.135   1.54283 
 -0.13   1.55617 
 -0.125   1.56899 
 -0.12   1.58129 
 -0.115   1.59307 
 -0.11   1.60432 
 -0.105   1.61505 
 -0.1   1.62525 
 -0.095   1.63494 
 -0.09   1.6441 
 -0.085   1.65275 
 -0.08   1.66088 
 -0.075   1.6685 
 -0.07   1.67561 
 -0.065   1.68221 
 -0.06   1.68831 
 -0.055   1.69391 
 -0.05   1.69901 
 -0.045   1.70361 
 -0.04   1.70772 
 -0.035   1.71134 
 -0.03   1.71448 
 -0.025   1.71713 
 -0.02   1.71929 
 -0.015   1.72097 
 -0.01   1.72217 
 -0.005   1.72289 
 8.20524e-16   1.72313 
 0.005   1.72289 
 0.01   1.72217 
 0.015   1.72097 
 0.02   1.71929 
 0.025   1.71713 
 0.03   1.71448 
 0.035   1.71134 
 0.04   1.70772 
 0.045   1.70361 
 0.05   1.69901 
 0.055   1.69391 
 0.06   1.68831 
 0.065   1.68221 
 0.07   1.67561 
 0.075   1.6685 
 0.08   1.66088 
 0.085   1.65275 
 0.09   1.6441 
 0.095   1.63494 
 0.1   1.62525 
 0.105   1.61505 
 0.11   1.60432 
 0.115   1.59307 
 0.12   1.58129 
 0.125   1.56899 
 0.13   1.55617 
 0.135   1.54283 
 0.14   1.52897 
 0.145   1.5146 
 0.15   1.49971 
 0.155   1.48433 
 0.16   1.46845 
 0.165   1.45207 
 0.17   1.43522 
 0.175   1.4179 
 0.18   1.40012 
 0.185   1.38189 
 0.19   1.36323 
 0.195   1.34416 
 0.2   1.32468 
 0.205   1.30482 
 0.21   1.2846 
 0.215   1.26403 
 0.22   1.24314 
 0.225   1.22195 
 0.23   1.20048 
 0.235   1.17876 
 0.24   1.15681 
 0.245   1.13465 
 0.25   1.11232 
 0.255   1.08983 
 0.26   1.06722 
 0.265   1.04452 
 0.27   1.02174 
 0.275   0.998923 
 0.28   0.976091 
 0.285   0.953271 
 0.29   0.930491 
 0.295   0.907777 
 0.3   0.885156 
 0.305   0.862651 
 0.31   0.840289 
 0.315   0.818093 
 0.32   0.796085 
 0.325   0.774289 
 0.33   0.752724 
 0.335   0.73141 
 0.34   0.710367 
 0.345   0.689611 
 0.35   0.669159 
 0.355   0.649025 
 0.36   0.629224 
 0.365   0.609768 
 0.37   0.590669 
 0.375   0.571935 
 0.38   0.553576 
 0.385   0.535599 
 0.39   0.518011 
 0.395   0.500817 
 0.4   0.484021 
 0.405   0.467626 
 0.41   0.451634 
 0.415   0.436046 
 0.42   0.420862 
 0.425   0.406082 
 0.43   0.391703 
 0.435   0.377724 
 0.44   0.364142 
 0.445   0.350953 
 0.45   0.338153 
 0.455   0.325736 
 0.46   0.313698 
 0.465   0.302033 
 0.47   0.290735 
 0.475   0.279798 
 0.48   0.269213 
 0.485   0.258976 
 0.49   0.249078 
 0.495   0.239511 
 0.5   0.230269 
 0.505   0.221343 
 0.51   0.212726 
 0.515   0.20441 
 0.52   0.196387 
 0.525   0.188649 
 0.53   0.181188 
 0.535   0.173996 
 0.54   0.167066 
 0.545   0.160389 
 0.55   0.153959 
 0.555   0.147767 
 0.56   0.141806 
 0.565   0.136068 
 0.57   0.130547 
 0.575   0.125236 
 0.58   0.120127 
 0.585   0.115214 
 0.59   0.110489 
 0.595   0.105948 
 0.6   0.101582 
 0.605   0.0973868 
 0.61   0.0933554 
 0.615   0.0894822 
 0.62   0.0857615 
 0.625   0.0821879 
 0.63   0.0787559 
 0.635   0.0754604 
 0.64   0.0722963 
 0.645   0.0692588 
 0.65   0.0663431 
 0.655   0.0635446 
 0.66   0.060859 
 0.665   0.0582819 
 0.67   0.0558092 
 0.675   0.0534369 
 0.68   0.0511612 
 0.685   0.0489782 
 0.69   0.0468845 
 0.695   0.0448766 
 0.7   0.0429511 
 0.705   0.0411047 
 0.71   0.0393344 
 0.715   0.0376372 
 0.72   0.0360102 
 0.725   0.0344506 
 0.73   0.0329558 
 0.735   0.0315231 
 0.74   0.0301501 
 0.745   0.0288344 
 0.75   0.0275737 
 0.755   0.0263658 
 0.76   0.0252086 
 0.765   0.0241 
 0.77   0.023038 
 0.775   0.0220209 
 0.78   0.0210466 
 0.785   0.0201136 
 0.79   0.0192202 
 0.795   0.0183647 
 0.8   0.0175455 
 0.805   0.0167613 
 0.81   0.0160105 
 0.815   0.0152918 
 0.82   0.0146038 
 0.825   0.0139454 
 0.83   0.0133153 
 0.835   0.0127123 
 0.84   0.0121353 
 0.845   0.0115833 
 0.85   0.0110551 
 0.855   0.0105499 
 0.86   0.0100666 
 0.865   0.00960434 
 0.87   0.00916225 
 0.875   0.00873949 
 0.88   0.00833524 
 0.885   0.00794874 
 0.89   0.00757923 
 0.895   0.007226 
 0.9   0.00688838 
 0.905   0.00656569 
 0.91   0.00625732 
 0.915   0.00596266 
 0.92   0.00568112 
 0.925   0.00541215 
 0.93   0.00515522 
 0.935   0.00490981 
 0.94   0.00467544 
 0.945   0.00445163 
 0.95   0.00423794 
 0.955   0.00403392 
 0.96   0.00383916 
 0.965   0.00365327 
 0.97   0.00347585 
 0.975   0.00330656 
 0.98   0.00314503 
 0.985   0.00299093 
 0.99   0.00284394 
 0.995   0.00270374 
