 54   Amps (Ilim=180) 
 0.2   r0[m] 
 401   Nz data points 
 z[m]  EngeProd 
 -1   0.00181518 
 -0.995   0.00190529 
 -0.99   0.00199936 
 -0.985   0.00209755 
 -0.98   0.00220001 
 -0.975   0.00230691 
 -0.97   0.00241841 
 -0.965   0.0025347 
 -0.96   0.00265597 
 -0.955   0.00278239 
 -0.95   0.00291418 
 -0.945   0.00305152 
 -0.94   0.00319464 
 -0.935   0.00334376 
 -0.93   0.00349909 
 -0.925   0.00366089 
 -0.92   0.00382938 
 -0.915   0.00400484 
 -0.91   0.00418751 
 -0.905   0.00437767 
 -0.9   0.00457561 
 -0.895   0.00478162 
 -0.89   0.00499599 
 -0.885   0.00521906 
 -0.88   0.00545114 
 -0.875   0.00569257 
 -0.87   0.00594371 
 -0.865   0.00620492 
 -0.86   0.00647658 
 -0.855   0.00675909 
 -0.85   0.00705286 
 -0.845   0.0073583 
 -0.84   0.00767587 
 -0.835   0.00800601 
 -0.83   0.00834921 
 -0.825   0.00870595 
 -0.82   0.00907676 
 -0.815   0.00946216 
 -0.81   0.00986271 
 -0.805   0.010279 
 -0.8   0.0107116 
 -0.795   0.0111611 
 -0.79   0.0116282 
 -0.785   0.0121136 
 -0.78   0.0126179 
 -0.775   0.013142 
 -0.77   0.0136864 
 -0.765   0.0142521 
 -0.76   0.0148398 
 -0.755   0.0154504 
 -0.75   0.0160847 
 -0.745   0.0167438 
 -0.74   0.0174284 
 -0.735   0.0181397 
 -0.73   0.0188786 
 -0.725   0.0196463 
 -0.72   0.0204438 
 -0.715   0.0212723 
 -0.71   0.0221329 
 -0.705   0.0230271 
 -0.7   0.0239559 
 -0.695   0.0249209 
 -0.69   0.0259234 
 -0.685   0.0269649 
 -0.68   0.0280468 
 -0.675   0.0291708 
 -0.67   0.0303385 
 -0.665   0.0315517 
 -0.66   0.032812 
 -0.655   0.0341214 
 -0.65   0.0354816 
 -0.645   0.0368948 
 -0.64   0.038363 
 -0.635   0.0398883 
 -0.63   0.0414729 
 -0.625   0.0431191 
 -0.62   0.0448293 
 -0.615   0.0466059 
 -0.61   0.0484516 
 -0.605   0.050369 
 -0.6   0.0523607 
 -0.595   0.0544297 
 -0.59   0.0565788 
 -0.585   0.0588111 
 -0.58   0.0611296 
 -0.575   0.0635377 
 -0.57   0.0660387 
 -0.565   0.0686358 
 -0.56   0.0713328 
 -0.555   0.0741331 
 -0.55   0.0770406 
 -0.545   0.080059 
 -0.54   0.0831922 
 -0.535   0.0864443 
 -0.53   0.0898193 
 -0.525   0.0933214 
 -0.52   0.0969549 
 -0.515   0.100724 
 -0.51   0.104633 
 -0.505   0.108687 
 -0.5   0.11289 
 -0.495   0.117247 
 -0.49   0.121762 
 -0.485   0.126439 
 -0.48   0.131285 
 -0.475   0.136302 
 -0.47   0.141495 
 -0.465   0.14687 
 -0.46   0.15243 
 -0.455   0.15818 
 -0.45   0.164125 
 -0.445   0.170267 
 -0.44   0.176611 
 -0.435   0.183161 
 -0.43   0.18992 
 -0.425   0.196891 
 -0.42   0.204077 
 -0.415   0.211481 
 -0.41   0.219105 
 -0.405   0.22695 
 -0.4   0.235018 
 -0.395   0.243309 
 -0.39   0.251823 
 -0.385   0.260561 
 -0.38   0.26952 
 -0.375   0.2787 
 -0.37   0.288097 
 -0.365   0.297709 
 -0.36   0.307531 
 -0.355   0.317559 
 -0.35   0.327786 
 -0.345   0.338207 
 -0.34   0.348815 
 -0.335   0.359599 
 -0.33   0.370553 
 -0.325   0.381664 
 -0.32   0.392923 
 -0.315   0.404318 
 -0.31   0.415835 
 -0.305   0.427462 
 -0.3   0.439184 
 -0.295   0.450986 
 -0.29   0.462853 
 -0.285   0.474768 
 -0.28   0.486714 
 -0.275   0.498676 
 -0.27   0.510634 
 -0.265   0.522572 
 -0.26   0.534472 
 -0.255   0.546316 
 -0.25   0.558086 
 -0.245   0.569765 
 -0.24   0.581335 
 -0.235   0.59278 
 -0.23   0.604083 
 -0.225   0.615227 
 -0.22   0.626199 
 -0.215   0.636984 
 -0.21   0.647567 
 -0.205   0.657936 
 -0.2   0.668079 
 -0.195   0.677985 
 -0.19   0.687645 
 -0.185   0.697048 
 -0.18   0.706189 
 -0.175   0.715059 
 -0.17   0.723653 
 -0.165   0.731966 
 -0.16   0.739994 
 -0.155   0.747735 
 -0.15   0.755186 
 -0.145   0.762347 
 -0.14   0.769218 
 -0.135   0.775798 
 -0.13   0.78209 
 -0.125   0.788094 
 -0.12   0.793814 
 -0.115   0.799253 
 -0.11   0.804414 
 -0.105   0.809301 
 -0.1   0.813918 
 -0.095   0.818269 
 -0.09   0.82236 
 -0.085   0.826195 
 -0.08   0.829778 
 -0.075   0.833115 
 -0.07   0.83621 
 -0.065   0.839069 
 -0.06   0.841694 
 -0.055   0.844092 
 -0.05   0.846267 
 -0.045   0.848221 
 -0.04   0.84996 
 -0.035   0.851485 
 -0.03   0.852801 
 -0.025   0.85391 
 -0.02   0.854814 
 -0.015   0.855515 
 -0.01   0.856015 
 -0.005   0.856314 
 8.20524e-16   0.856414 
 0.005   0.856314 
 0.01   0.856015 
 0.015   0.855515 
 0.02   0.854814 
 0.025   0.85391 
 0.03   0.852801 
 0.035   0.851485 
 0.04   0.84996 
 0.045   0.848221 
 0.05   0.846267 
 0.055   0.844092 
 0.06   0.841694 
 0.065   0.839069 
 0.07   0.83621 
 0.075   0.833115 
 0.08   0.829778 
 0.085   0.826195 
 0.09   0.82236 
 0.095   0.818269 
 0.1   0.813918 
 0.105   0.809301 
 0.11   0.804414 
 0.115   0.799253 
 0.12   0.793814 
 0.125   0.788094 
 0.13   0.78209 
 0.135   0.775798 
 0.14   0.769218 
 0.145   0.762347 
 0.15   0.755186 
 0.155   0.747735 
 0.16   0.739994 
 0.165   0.731966 
 0.17   0.723653 
 0.175   0.715059 
 0.18   0.706189 
 0.185   0.697048 
 0.19   0.687645 
 0.195   0.677985 
 0.2   0.668079 
 0.205   0.657936 
 0.21   0.647567 
 0.215   0.636984 
 0.22   0.626199 
 0.225   0.615227 
 0.23   0.604083 
 0.235   0.59278 
 0.24   0.581335 
 0.245   0.569765 
 0.25   0.558086 
 0.255   0.546316 
 0.26   0.534472 
 0.265   0.522572 
 0.27   0.510634 
 0.275   0.498676 
 0.28   0.486714 
 0.285   0.474768 
 0.29   0.462853 
 0.295   0.450986 
 0.3   0.439184 
 0.305   0.427462 
 0.31   0.415835 
 0.315   0.404318 
 0.32   0.392923 
 0.325   0.381664 
 0.33   0.370553 
 0.335   0.359599 
 0.34   0.348815 
 0.345   0.338207 
 0.35   0.327786 
 0.355   0.317559 
 0.36   0.307531 
 0.365   0.297709 
 0.37   0.288097 
 0.375   0.2787 
 0.38   0.26952 
 0.385   0.260561 
 0.39   0.251823 
 0.395   0.243309 
 0.4   0.235018 
 0.405   0.22695 
 0.41   0.219105 
 0.415   0.211481 
 0.42   0.204077 
 0.425   0.196891 
 0.43   0.18992 
 0.435   0.183161 
 0.44   0.176611 
 0.445   0.170267 
 0.45   0.164125 
 0.455   0.15818 
 0.46   0.15243 
 0.465   0.14687 
 0.47   0.141495 
 0.475   0.136302 
 0.48   0.131285 
 0.485   0.126439 
 0.49   0.121762 
 0.495   0.117247 
 0.5   0.11289 
 0.505   0.108687 
 0.51   0.104633 
 0.515   0.100724 
 0.52   0.0969549 
 0.525   0.0933214 
 0.53   0.0898193 
 0.535   0.0864443 
 0.54   0.0831922 
 0.545   0.080059 
 0.55   0.0770406 
 0.555   0.0741331 
 0.56   0.0713328 
 0.565   0.0686358 
 0.57   0.0660387 
 0.575   0.0635377 
 0.58   0.0611296 
 0.585   0.0588111 
 0.59   0.0565788 
 0.595   0.0544297 
 0.6   0.0523607 
 0.605   0.050369 
 0.61   0.0484516 
 0.615   0.0466059 
 0.62   0.0448293 
 0.625   0.0431191 
 0.63   0.0414729 
 0.635   0.0398883 
 0.64   0.038363 
 0.645   0.0368948 
 0.65   0.0354816 
 0.655   0.0341214 
 0.66   0.032812 
 0.665   0.0315517 
 0.67   0.0303385 
 0.675   0.0291708 
 0.68   0.0280468 
 0.685   0.0269649 
 0.69   0.0259234 
 0.695   0.0249209 
 0.7   0.0239559 
 0.705   0.0230271 
 0.71   0.0221329 
 0.715   0.0212723 
 0.72   0.0204438 
 0.725   0.0196463 
 0.73   0.0188786 
 0.735   0.0181397 
 0.74   0.0174284 
 0.745   0.0167438 
 0.75   0.0160847 
 0.755   0.0154504 
 0.76   0.0148398 
 0.765   0.0142521 
 0.77   0.0136864 
 0.775   0.013142 
 0.78   0.0126179 
 0.785   0.0121136 
 0.79   0.0116282 
 0.795   0.0111611 
 0.8   0.0107116 
 0.805   0.010279 
 0.81   0.00986271 
 0.815   0.00946216 
 0.82   0.00907676 
 0.825   0.00870595 
 0.83   0.00834921 
 0.835   0.00800601 
 0.84   0.00767587 
 0.845   0.0073583 
 0.85   0.00705286 
 0.855   0.00675909 
 0.86   0.00647658 
 0.865   0.00620492 
 0.87   0.00594371 
 0.875   0.00569257 
 0.88   0.00545114 
 0.885   0.00521906 
 0.89   0.00499599 
 0.895   0.00478162 
 0.9   0.00457561 
 0.905   0.00437767 
 0.91   0.00418751 
 0.915   0.00400484 
 0.92   0.00382938 
 0.925   0.00366089 
 0.93   0.00349909 
 0.935   0.00334376 
 0.94   0.00319464 
 0.945   0.00305152 
 0.95   0.00291418 
 0.955   0.00278239 
 0.96   0.00265597 
 0.965   0.0025347 
 0.97   0.00241841 
 0.975   0.00230691 
 0.98   0.00220001 
 0.985   0.00209755 
 0.99   0.00199936 
 0.995   0.00190529 
