      z,       a_n0_Re,       a_n0_Im
             -1   -6.84179e-19   -1.37662e-33 
         -0.995   -6.42705e-19    7.46431e-35 
          -0.99   -5.98885e-19    1.77064e-35 
         -0.985   -5.52672e-19    -1.0038e-33 
          -0.98   -5.04017e-19    6.49424e-34 
         -0.975   -4.52872e-19    1.87771e-33 
          -0.97    -3.9919e-19    1.01369e-34 
         -0.965   -3.42921e-19    2.38058e-33 
          -0.96   -2.84016e-19   -2.68292e-33 
         -0.955   -2.22425e-19    2.05109e-33 
          -0.95   -1.58096e-19    4.55154e-34 
         -0.945   -9.09796e-20    3.28955e-34 
          -0.94   -2.10236e-20   -9.03458e-35 
         -0.935    5.18234e-20   -2.32182e-33 
          -0.93    1.27614e-19    1.04611e-33 
         -0.925      2.064e-19    4.86386e-34 
          -0.92    2.88235e-19    3.44364e-34 
         -0.915    3.73174e-19    1.83962e-34 
          -0.91    4.61272e-19    2.41449e-35 
         -0.905    5.52588e-19   -1.89241e-33 
           -0.9    6.47181e-19    4.44254e-34 
         -0.895    7.45113e-19   -1.77979e-33 
          -0.89    8.46449e-19   -8.51309e-34 
         -0.885    9.51258e-19   -1.81203e-33 
          -0.88    1.05961e-18   -1.09657e-33 
         -0.875    1.17159e-18   -1.45297e-33 
          -0.87    1.28727e-18   -3.47851e-33 
         -0.865    1.40674e-18      -1.04e-33 
          -0.86    1.53009e-18   -4.16066e-33 
         -0.855    1.65741e-18   -2.68884e-33 
          -0.85    1.78881e-18   -2.00575e-34 
         -0.845    1.92438e-18     2.4846e-33 
          -0.84    2.06423e-18    2.65341e-33 
         -0.835    2.20847e-18   -1.47745e-33 
          -0.83    2.35718e-18   -6.51133e-34 
         -0.825    2.51046e-18   -7.66593e-34 
          -0.82    2.66841e-18   -2.64728e-33 
         -0.815    2.83108e-18    6.18884e-34 
          -0.81    2.99856e-18   -2.03264e-33 
         -0.805    3.17089e-18    3.18911e-33 
           -0.8    3.34811e-18    1.29382e-33 
         -0.795    3.53027e-18   -3.85661e-35 
          -0.79    3.71738e-18    2.51398e-33 
         -0.785    3.90947e-18    3.50111e-33 
          -0.78    4.10657e-18    1.81445e-34 
         -0.775    4.30869e-18    5.40575e-34 
          -0.77    4.51588e-18   -2.80971e-33 
         -0.765     4.7282e-18   -2.74063e-33 
          -0.76    4.94571e-18    2.62995e-33 
         -0.755    5.16853e-18   -1.42523e-34 
          -0.75    5.39676e-18    2.41558e-33 
         -0.745    5.63058e-18   -3.07478e-33 
          -0.74    5.87017e-18    1.86377e-33 
         -0.735    6.11575e-18    -2.5959e-33 
          -0.73    6.36755e-18    4.07917e-34 
         -0.725    6.62587e-18    6.97275e-34 
          -0.72    6.89099e-18    4.02227e-34 
         -0.715    7.16323e-18    1.76876e-33 
          -0.71    7.44292e-18    1.01638e-33 
         -0.705    7.73041e-18    9.94358e-34 
           -0.7    8.02607e-18    3.10149e-33 
         -0.695    8.33026e-18    2.30165e-33 
          -0.69    8.64336e-18   -8.46883e-34 
         -0.685    8.96576e-18    7.82747e-34 
          -0.68    9.29788e-18    1.37399e-33 
         -0.675    9.64014e-18    2.64672e-33 
          -0.67    9.99299e-18    1.36086e-33 
         -0.665    1.03569e-17   -1.58057e-33 
          -0.66    1.07323e-17    1.12996e-33 
         -0.655    1.11199e-17     1.7826e-33 
          -0.65    1.15201e-17   -3.06056e-33 
         -0.645    1.19335e-17   -9.04394e-34 
          -0.64    1.23608e-17   -2.50469e-33 
         -0.635    1.28026e-17    -3.1123e-33 
          -0.63    1.32596e-17    8.86056e-34 
         -0.625    1.37324e-17   -4.32029e-33 
          -0.62    1.42219e-17   -6.81816e-34 
         -0.615    1.47286e-17    6.23567e-34 
          -0.61    1.52533e-17   -7.56237e-34 
         -0.605    1.57966e-17    1.00935e-33 
           -0.6    1.63593e-17    1.52125e-33 
         -0.595    1.69419e-17     3.2555e-34 
          -0.59    1.75451e-17    2.43906e-33 
         -0.585    1.81696e-17     1.6768e-33 
          -0.58     1.8816e-17    1.87096e-33 
         -0.575    1.94849e-17   -1.41104e-33 
          -0.57    2.01769e-17    1.84214e-33 
         -0.565     2.0893e-17      1.068e-33 
          -0.56    2.16338e-17   -2.46173e-33 
         -0.555    2.24004e-17    4.17944e-33 
          -0.55    2.31939e-17   -1.21454e-33 
         -0.545    2.40156e-17    -1.3502e-33 
          -0.54    2.48671e-17    1.12821e-33 
         -0.535      2.575e-17     1.3917e-33 
          -0.53    2.66666e-17     1.5035e-33 
         -0.525     2.7619e-17    1.02034e-33 
          -0.52      2.861e-17    2.33007e-33 
         -0.515    2.96425e-17   -3.87803e-33 
          -0.51    3.07197e-17    3.68843e-35 
         -0.505     3.1845e-17   -8.67605e-35 
           -0.5    3.30223e-17    8.88475e-34 
         -0.495    3.42555e-17    -4.4744e-33 
          -0.49    3.55488e-17   -1.02544e-34 
         -0.485    3.69065e-17    2.06269e-33 
          -0.48    3.83333e-17    1.53365e-33 
         -0.475    3.98338e-17   -3.08335e-34 
          -0.47    4.14127e-17   -4.51511e-35 
         -0.465    4.30748e-17   -1.09961e-33 
          -0.46    4.48249e-17    1.05725e-33 
         -0.455    4.66676e-17   -1.47263e-33 
          -0.45    4.86077e-17   -1.43046e-33 
         -0.445    5.06494e-17    1.75231e-33 
          -0.44    5.27969e-17   -5.99594e-34 
         -0.435    5.50536e-17    3.39745e-33 
          -0.43    5.74225e-17   -1.31392e-33 
         -0.425    5.99061e-17   -1.64112e-33 
          -0.42    6.25055e-17   -5.55212e-33 
         -0.415    6.52212e-17   -1.28159e-33 
          -0.41    6.80524e-17    1.53716e-33 
         -0.405    7.09969e-17   -1.50834e-34 
           -0.4    7.40513e-17    1.85499e-33 
         -0.395    7.72108e-17    5.00272e-33 
          -0.39    8.04691e-17   -4.01478e-33 
         -0.385    8.38188e-17   -7.33392e-34 
          -0.38    8.72512e-17   -6.88782e-33 
         -0.375    9.07568e-17   -2.72587e-33 
          -0.37    9.43253e-17    2.49263e-33 
         -0.365    9.79461e-17    4.48892e-33 
          -0.36    1.01609e-16   -3.68459e-33 
         -0.355    1.05302e-16    7.42631e-33 
          -0.35    1.09018e-16    1.87642e-33 
         -0.345    1.12746e-16   -2.20717e-33 
          -0.34    1.16479e-16    4.38735e-33 
         -0.335    1.20212e-16   -2.52062e-33 
          -0.33    1.23938e-16    6.20738e-34 
         -0.325    1.27653e-16   -8.76948e-34 
          -0.32    1.31357e-16    2.73379e-33 
         -0.315    1.35046e-16   -1.99814e-33 
          -0.31     1.3872e-16   -2.01467e-34 
         -0.305    1.42379e-16   -1.56469e-33 
           -0.3    1.46021e-16   -4.11782e-34 
         -0.295    1.49645e-16    -1.0955e-33 
          -0.29    1.53249e-16    2.14682e-33 
         -0.285     1.5683e-16   -6.17548e-34 
          -0.28    1.60384e-16     2.2279e-33 
         -0.275    1.63904e-16   -1.07641e-33 
          -0.27    1.67384e-16   -3.57666e-33 
         -0.265    1.70816e-16    7.73434e-34 
          -0.26     1.7419e-16      2.571e-33 
         -0.255    1.77495e-16    2.82383e-33 
          -0.25    1.80723e-16    3.22743e-33 
         -0.245    1.83862e-16   -1.02644e-33 
          -0.24    1.86903e-16     1.2263e-33 
         -0.235    1.89837e-16   -2.04732e-33 
          -0.23    1.92655e-16     2.2229e-33 
         -0.225     1.9535e-16    -3.5369e-34 
          -0.22    1.97919e-16    2.87835e-33 
         -0.215    2.00355e-16    2.88486e-34 
          -0.21    2.02657e-16    5.10478e-33 
         -0.205    2.04823e-16   -3.70782e-33 
           -0.2    2.06853e-16    6.66523e-34 
         -0.195    2.08748e-16    2.29103e-33 
          -0.19    2.10509e-16   -3.43415e-33 
         -0.185    2.12139e-16   -2.00787e-33 
          -0.18     2.1364e-16   -1.35709e-34 
         -0.175    2.15015e-16   -2.47125e-33 
          -0.17    2.16265e-16   -1.68586e-33 
         -0.165    2.17395e-16    2.28943e-33 
          -0.16    2.18405e-16   -9.46478e-35 
         -0.155    2.19298e-16   -1.18954e-33 
          -0.15    2.20075e-16    1.41819e-33 
         -0.145    2.20738e-16    -2.2915e-33 
          -0.14    2.21287e-16    1.33956e-33 
         -0.135    2.21723e-16    1.38565e-33 
          -0.13    2.22048e-16    1.09316e-33 
         -0.125    2.22264e-16   -2.89094e-34 
          -0.12    2.22372e-16    3.05798e-33 
         -0.115    2.22376e-16     3.2419e-34 
          -0.11    2.22281e-16     2.4166e-33 
         -0.105    2.22092e-16    -5.0248e-34 
           -0.1    2.21815e-16   -1.30373e-33 
         -0.095     2.2146e-16    1.15302e-33 
          -0.09    2.21034e-16    3.91697e-34 
         -0.085    2.20549e-16    6.57194e-35 
          -0.08    2.20016e-16   -5.97363e-34 
         -0.075    2.19446e-16   -7.59671e-34 
          -0.07    2.18851e-16   -4.26394e-34 
         -0.065    2.18242e-16    4.61254e-35 
          -0.06    2.17629e-16    4.09938e-34 
         -0.055    2.17024e-16   -1.81606e-34 
          -0.05    2.16434e-16   -1.77836e-34 
         -0.045    2.15867e-16   -2.56546e-34 
          -0.04    2.15328e-16    7.08033e-35 
         -0.035    2.14823e-16   -2.70435e-34 
          -0.03    2.14353e-16   -9.98181e-34 
         -0.025    2.13921e-16   -3.17609e-35 
          -0.02    2.13527e-16   -9.69162e-35 
         -0.015     2.1317e-16    2.52244e-34 
          -0.01    2.12849e-16    1.12615e-34 
         -0.005    2.12561e-16     2.2475e-34 
              0    2.12306e-16   -1.97455e-34 
          0.005    2.12079e-16   -1.68498e-34 
           0.01    2.11879e-16     4.7176e-34 
          0.015    2.11702e-16    2.97134e-34 
           0.02    2.11548e-16     1.2327e-34 
          0.025    2.11412e-16     4.3317e-34 
           0.03    2.11293e-16    2.73806e-34 
          0.035    2.11188e-16    5.91662e-34 
           0.04    2.11096e-16   -8.59194e-34 
          0.045    2.11013e-16   -5.07686e-34 
           0.05    2.10938e-16    -1.9471e-34 
          0.055    2.10869e-16    2.93295e-34 
           0.06    2.10802e-16     4.5146e-34 
          0.065    2.10735e-16   -9.05356e-35 
           0.07    2.10667e-16    7.26561e-34 
          0.075    2.10597e-16     9.7037e-34 
           0.08    2.10522e-16    2.66822e-34 
          0.085    2.10443e-16   -5.89102e-36 
           0.09     2.1036e-16    1.25173e-33 
          0.095    2.10273e-16   -1.14838e-33 
            0.1    2.10184e-16    1.23113e-33 
          0.105    2.10094e-16     3.5488e-34 
           0.11    2.10005e-16    7.80017e-34 
          0.115    2.09918e-16   -3.60988e-34 
           0.12    2.09834e-16   -1.23987e-34 
          0.125    2.09753e-16    4.61851e-34 
           0.13    2.09674e-16   -1.75244e-33 
          0.135    2.09594e-16   -1.44747e-33 
           0.14    2.09508e-16    -1.0672e-33 
          0.145     2.0941e-16    1.85455e-33 
           0.15    2.09292e-16    5.63685e-35 
          0.155    2.09144e-16    1.03972e-33 
           0.16    2.08953e-16   -4.91193e-34 
          0.165    2.08706e-16   -2.51889e-33 
           0.17    2.08387e-16    1.76493e-33 
          0.175    2.07983e-16    2.88768e-33 
           0.18    2.07476e-16    1.13222e-34 
          0.185     2.0685e-16   -3.48433e-33 
           0.19    2.06089e-16    3.27152e-33 
          0.195    2.05179e-16   -3.18776e-33 
            0.2    2.04105e-16   -7.66904e-34 
          0.205    2.02855e-16    1.65723e-33 
           0.21    2.01418e-16   -4.88811e-33 
          0.215    1.99786e-16    3.58902e-33 
           0.22    1.97952e-16   -3.39115e-33 
          0.225    1.95912e-16   -3.98062e-33 
           0.23    1.93667e-16   -2.70529e-33 
          0.235    1.91217e-16   -5.53382e-34 
           0.24    1.88566e-16   -1.07779e-33 
          0.245    1.85723e-16   -8.88209e-34 
           0.25    1.82695e-16   -3.27455e-33 
          0.255    1.79495e-16    1.14975e-33 
           0.26    1.76137e-16   -2.54687e-33 
          0.265    1.72634e-16   -4.79195e-33 
           0.27    1.69002e-16    3.46983e-33 
          0.275    1.65259e-16    -2.5506e-33 
           0.28     1.6142e-16   -2.39386e-33 
          0.285    1.57501e-16    1.64258e-33 
           0.29    1.53518e-16   -2.60737e-33 
          0.295    1.49485e-16   -2.04858e-33 
            0.3    1.45417e-16   -2.87394e-33 
          0.305    1.41325e-16    1.50209e-33 
           0.31    1.37222e-16    4.96774e-35 
          0.315    1.33117e-16    2.34657e-33 
           0.32    1.29021e-16     3.1291e-33 
          0.325    1.24942e-16    1.04992e-33 
           0.33    1.20889e-16   -4.91563e-33 
          0.335    1.16871e-16     2.3846e-33 
           0.34    1.12895e-16   -1.34116e-33 
          0.345    1.08969e-16    2.16242e-33 
           0.35    1.05101e-16    6.20482e-35 
          0.355    1.01299e-16   -7.39328e-33 
           0.36    9.75707e-17    -3.2399e-33 
          0.365    9.39237e-17   -4.53379e-33 
           0.37    9.03651e-17    -6.7709e-33 
          0.375    8.69017e-17    2.85815e-33 
           0.38    8.35397e-17    5.47392e-33 
          0.385    8.02845e-17    6.22278e-34 
           0.39    7.71407e-17   -4.37686e-33 
          0.395    7.41118e-17   -4.83411e-33 
            0.4    7.12004e-17   -1.07277e-33 
          0.405    6.84078e-17    -3.1423e-35 
           0.41    6.57343e-17   -2.04301e-34 
          0.415    6.31792e-17    1.19616e-33 
           0.42    6.07406e-17   -2.23243e-33 
          0.425    5.84157e-17     1.7847e-33 
           0.43    5.62011e-17    1.47032e-33 
          0.435    5.40925e-17   -8.62304e-35 
           0.44    5.20854e-17    6.55664e-34 
          0.445    5.01746e-17    3.23684e-33 
           0.45    4.83548e-17    1.42283e-33 
          0.455    4.66209e-17    6.17064e-34 
           0.46    4.49674e-17   -1.06653e-33 
          0.465    4.33891e-17   -1.65848e-33 
           0.47    4.18812e-17   -7.52319e-35 
          0.475    4.04389e-17    -3.5975e-33 
           0.48    3.90578e-17   -1.45518e-33 
          0.485    3.77337e-17    1.69625e-33 
           0.49    3.64628e-17    1.04734e-34 
          0.495    3.52417e-17    3.24647e-33 
            0.5    3.40671e-17   -8.50944e-34 
          0.505    3.29361e-17    2.30516e-33 
           0.51    3.18461e-17    6.65031e-35 
          0.515    3.07946e-17    1.62048e-33 
           0.52    2.97796e-17   -2.23991e-33 
          0.525    2.87992e-17    -1.0214e-33 
           0.53    2.78515e-17   -1.37627e-33 
          0.535    2.69351e-17    4.37036e-34 
           0.54    2.60486e-17   -1.07796e-33 
          0.545    2.51906e-17    1.39544e-33 
           0.55    2.43601e-17     1.2292e-33 
          0.555    2.35559e-17   -4.13626e-33 
           0.56     2.2777e-17     2.4584e-33 
          0.565    2.20223e-17   -1.08316e-33 
           0.57    2.12908e-17   -1.78173e-33 
          0.575    2.05815e-17    1.43532e-33 
           0.58    1.98932e-17   -1.83919e-33 
          0.585    1.92251e-17   -1.63224e-33 
           0.59     1.8576e-17   -1.67477e-33 
          0.595    1.79449e-17   -2.82869e-34 
            0.6    1.73307e-17    1.61308e-34 
          0.605    1.67327e-17    -1.0014e-33 
           0.61    1.61499e-17    2.40017e-33 
          0.615    1.55815e-17   -6.05412e-34 
           0.62    1.50268e-17   -2.14338e-33 
          0.625    1.44853e-17    4.31167e-33 
           0.63    1.39566e-17    2.53665e-33 
          0.635    1.34402e-17    3.07025e-33 
           0.64     1.2936e-17   -1.12824e-33 
          0.645    1.24439e-17    8.34015e-34 
           0.65    1.19638e-17    -3.4545e-33 
          0.655    1.14958e-17   -1.76924e-33 
           0.66      1.104e-17   -1.90336e-33 
          0.665    1.05964e-17    1.60385e-33 
           0.67    1.01653e-17   -1.41613e-33 
          0.675    9.74673e-18   -2.67993e-33 
           0.68    9.34086e-18   -1.37451e-33 
          0.685    8.94775e-18   -8.32803e-34 
           0.69    8.56743e-18    8.12961e-34 
          0.695    8.19988e-18   -2.31889e-33 
            0.7    7.84503e-18   -3.08727e-33 
          0.705    7.50271e-18   -1.00763e-33 
           0.71    7.17272e-18   -1.00157e-33 
          0.715    6.85478e-18   -1.90337e-33 
           0.72    6.54857e-18   -3.68009e-34 
          0.725     6.2537e-18   -3.41005e-33 
           0.73    5.96977e-18   -3.99951e-34 
          0.735    5.69634e-18   -1.03983e-33 
           0.74    5.43295e-18   -1.83828e-33 
          0.745    5.17914e-18   -1.43235e-34 
           0.75    4.93445e-18   -2.44721e-33 
          0.755    4.69845e-18   -1.66565e-33 
           0.76    4.47071e-18   -2.64287e-33 
          0.765    4.25084e-18   -1.21283e-33 
           0.77     4.0385e-18    2.86772e-33 
          0.775    3.83334e-18   -1.11305e-33 
           0.78    3.63508e-18   -1.91165e-34 
          0.785    3.44345e-18   -2.79188e-33 
           0.79    3.25822e-18   -2.55445e-33 
          0.795    3.07918e-18    3.16756e-35 
            0.8    2.90614e-18   -1.34377e-33 
          0.805     2.7389e-18   -3.15409e-33 
           0.81     2.5773e-18    2.03015e-33 
          0.815    2.42117e-18   -6.11919e-34 
           0.82    2.27034e-18    2.63582e-33 
          0.825    2.12465e-18    7.55368e-34 
           0.83    1.98395e-18    2.38502e-33 
          0.835    1.84806e-18    1.45416e-33 
           0.84    1.71683e-18    1.28591e-33 
          0.845    1.59011e-18   -2.46129e-33 
           0.85    1.46774e-18    2.08185e-34 
          0.855    1.34959e-18    2.67052e-33 
           0.86    1.23552e-18    1.77404e-33 
          0.865    1.12541e-18    1.03096e-33 
           0.87    1.01912e-18   -1.23445e-33 
          0.875    9.16567e-19     1.4241e-33 
           0.88    8.17628e-19   -2.09554e-33 
          0.885    7.22208e-19    1.84117e-33 
           0.89    6.30208e-19    1.01323e-33 
          0.895    5.41534e-19    1.77745e-33 
            0.9    4.56093e-19   -1.53581e-34 
          0.905    3.73791e-19    1.86558e-33 
           0.91    2.94536e-19   -2.41215e-33 
          0.915    2.18235e-19   -1.61774e-34 
           0.92    1.44796e-19    9.74124e-35 
          0.925    7.41291e-20   -4.64265e-34 
           0.93    6.14691e-21   -1.04723e-33 
          0.935   -5.92345e-20    2.26148e-33 
           0.94   -1.22094e-19    7.45185e-35 
          0.945   -1.82504e-19   -4.94406e-34 
           0.95   -2.40532e-19   -5.52319e-34 
          0.955   -2.96236e-19    1.81353e-33 
           0.96   -3.49668e-19     2.6579e-33 
          0.965   -4.00875e-19    3.63709e-34 
           0.97   -4.49894e-19   -1.30415e-34 
          0.975    -4.9676e-19    1.44982e-33 
           0.98   -5.41503e-19   -6.77258e-34 
          0.985   -5.84149e-19    1.58346e-33 
           0.99   -6.24727e-19    7.12844e-36 
          0.995   -6.63263e-19   -8.63347e-34 
              1    -6.9979e-19    1.35303e-33 
