      z,       a_n0_Re,       a_n0_Im
             -1    3.63595e-19   -6.37694e-34 
         -0.995    3.39787e-19    1.07576e-34 
          -0.99    3.14655e-19   -1.05212e-33 
         -0.985    2.88201e-19    1.37495e-33 
          -0.98    2.60427e-19    2.53414e-34 
         -0.975    2.31337e-19     4.6575e-34 
          -0.97    2.00935e-19   -2.00036e-34 
         -0.965    1.69222e-19   -1.04076e-33 
          -0.96    1.36195e-19    1.08593e-33 
         -0.955    1.01846e-19     8.2024e-35 
          -0.95    6.61586e-20    2.03516e-34 
         -0.945    2.91092e-20    4.82578e-34 
          -0.94    -9.3362e-21   -6.10587e-34 
         -0.935   -4.92215e-20   -3.28456e-34 
          -0.93   -9.06004e-20   -3.90243e-34 
         -0.925   -1.33536e-19   -1.45925e-33 
          -0.92     -1.781e-19    1.39175e-33 
         -0.915    -2.2437e-19    9.93431e-34 
          -0.91    -2.7243e-19    1.18655e-33 
         -0.905   -3.22366e-19    6.64797e-34 
           -0.9   -3.74266e-19    1.40328e-33 
         -0.895   -4.28219e-19    1.59285e-33 
          -0.89   -4.84313e-19     7.0906e-34 
         -0.885   -5.42633e-19    5.53569e-34 
          -0.88   -6.03263e-19   -5.94026e-34 
         -0.875   -6.66286e-19    1.57953e-33 
          -0.87   -7.31783e-19   -2.92052e-34 
         -0.865   -7.99835e-19    2.08888e-35 
          -0.86   -8.70521e-19    7.16244e-34 
         -0.855   -9.43923e-19    5.81995e-34 
          -0.85   -1.02012e-18    3.68793e-34 
         -0.845   -1.09921e-18    8.32389e-34 
          -0.84   -1.18126e-18   -3.07536e-34 
         -0.835   -1.26637e-18   -1.75909e-33 
          -0.83   -1.35462e-18   -7.74974e-35 
         -0.825   -1.44609e-18    6.90141e-34 
          -0.82   -1.54086e-18   -3.03521e-34 
         -0.815     -1.639e-18    3.50424e-34 
          -0.81   -1.74057e-18    1.55931e-33 
         -0.805   -1.84561e-18    5.24188e-34 
           -0.8   -1.95416e-18   -5.19424e-34 
         -0.795   -2.06621e-18    3.28109e-34 
          -0.79   -2.18175e-18   -4.97999e-34 
         -0.785   -2.30072e-18    4.76534e-34 
          -0.78   -2.42305e-18   -1.34849e-33 
         -0.775   -2.54864e-18     1.4856e-35 
          -0.77   -2.67733e-18    9.79091e-34 
         -0.765   -2.80898e-18     5.6567e-34 
          -0.76    -2.9434e-18    5.07281e-34 
         -0.755   -3.08038e-18    3.88357e-34 
          -0.75   -3.21971e-18     3.8942e-34 
         -0.745   -3.36119e-18   -4.62172e-34 
          -0.74   -3.50459e-18   -1.14054e-33 
         -0.735   -3.64975e-18    6.25913e-35 
          -0.73    -3.7965e-18   -1.55353e-33 
         -0.725   -3.94471e-18    6.41447e-34 
          -0.72   -4.09431e-18   -1.39593e-33 
         -0.715   -4.24526e-18    5.19189e-34 
          -0.71   -4.39759e-18    -2.9567e-34 
         -0.705   -4.55138e-18   -1.28072e-33 
           -0.7   -4.70676e-18    1.72909e-34 
         -0.695   -4.86395e-18    -1.9699e-33 
          -0.69   -5.02319e-18   -2.82723e-34 
         -0.685   -5.18479e-18   -4.96553e-34 
          -0.68    -5.3491e-18    -5.6543e-34 
         -0.675   -5.51652e-18    5.45587e-34 
          -0.67   -5.68745e-18     7.7437e-34 
         -0.665   -5.86235e-18    6.12506e-34 
          -0.66   -6.04167e-18    -8.9362e-34 
         -0.655   -6.22587e-18   -6.24405e-34 
          -0.65   -6.41542e-18   -2.87789e-34 
         -0.645   -6.61079e-18    1.46396e-33 
          -0.64   -6.81245e-18    1.78702e-33 
         -0.635   -7.02086e-18    1.21084e-33 
          -0.63   -7.23649e-18   -7.97936e-34 
         -0.625   -7.45983e-18    -7.6077e-34 
          -0.62   -7.69137e-18    4.22077e-35 
         -0.615   -7.93165e-18    1.22473e-34 
          -0.61   -8.18121e-18      5.878e-34 
         -0.605   -8.44064e-18   -1.16832e-33 
           -0.6   -8.71056e-18   -1.01759e-33 
         -0.595   -8.99163e-18   -9.65117e-34 
          -0.59   -9.28453e-18    3.90725e-34 
         -0.585   -9.58998e-18    4.53796e-34 
          -0.58   -9.90872e-18   -2.28882e-34 
         -0.575   -1.02415e-17    -1.0802e-33 
          -0.57   -1.05891e-17   -2.09307e-34 
         -0.565   -1.09523e-17   -6.01476e-34 
          -0.56   -1.13319e-17   -1.12518e-33 
         -0.555   -1.17287e-17   -1.61552e-33 
          -0.55   -1.21437e-17    1.22802e-34 
         -0.545   -1.25778e-17   -8.19222e-34 
          -0.54    -1.3032e-17     2.4548e-34 
         -0.535   -1.35074e-17   -1.08753e-33 
          -0.53   -1.40053e-17   -2.56343e-34 
         -0.525   -1.45271e-17    5.72634e-34 
          -0.52   -1.50743e-17     2.3356e-35 
         -0.515   -1.56486e-17   -1.13771e-35 
          -0.51    -1.6252e-17    2.99844e-34 
         -0.505   -1.68864e-17    8.61263e-34 
           -0.5   -1.75541e-17   -5.44358e-34 
         -0.495   -1.82574e-17    2.21531e-35 
          -0.49   -1.89988e-17     1.7217e-34 
         -0.485   -1.97808e-17     -3.974e-34 
          -0.48   -2.06061e-17    1.61334e-33 
         -0.475   -2.14773e-17    1.56408e-33 
          -0.47   -2.23971e-17    1.41844e-33 
         -0.465    -2.3368e-17    1.39467e-33 
          -0.46   -2.43926e-17    2.44454e-33 
         -0.455   -2.54731e-17    2.44394e-33 
          -0.45   -2.66117e-17    -2.1288e-33 
         -0.445   -2.78104e-17   -3.99404e-33 
          -0.44   -2.90707e-17    8.71677e-34 
         -0.435    -3.0394e-17    1.38263e-33 
          -0.43   -3.17813e-17   -7.52506e-34 
         -0.425   -3.32334e-17    2.18121e-33 
          -0.42   -3.47504e-17     3.5859e-33 
         -0.415   -3.63325e-17   -1.53391e-33 
          -0.41   -3.79793e-17    1.31366e-33 
         -0.405     -3.969e-17    1.42484e-33 
           -0.4   -4.14638e-17   -2.28548e-34 
         -0.395   -4.32992e-17   -9.28827e-34 
          -0.39   -4.51947e-17    2.65774e-33 
         -0.385   -4.71484e-17    1.05872e-33 
          -0.38   -4.91579e-17    5.49276e-34 
         -0.375   -5.12206e-17   -3.09935e-33 
          -0.37   -5.33334e-17    4.84411e-33 
         -0.365   -5.54926e-17   -1.16199e-33 
          -0.36   -5.76943e-17   -3.73522e-34 
         -0.355   -5.99335e-17    1.13024e-33 
          -0.35   -6.22051e-17    1.16386e-33 
         -0.345   -6.45031e-17   -6.73398e-34 
          -0.34   -6.68209e-17    2.64367e-33 
         -0.335   -6.91514e-17    1.28065e-33 
          -0.33   -7.14872e-17   -8.61514e-34 
         -0.325   -7.38203e-17    1.24204e-33 
          -0.32   -7.61428e-17     4.8493e-33 
         -0.315   -7.84466e-17    8.17554e-34 
          -0.31    -8.0724e-17    1.37014e-33 
         -0.305   -8.29674e-17   -2.92186e-33 
           -0.3   -8.51702e-17    2.88679e-33 
         -0.295    -8.7326e-17     1.2664e-33 
          -0.29   -8.94297e-17   -2.64372e-33 
         -0.285   -9.14769e-17   -3.92818e-33 
          -0.28   -9.34641e-17   -1.03161e-33 
         -0.275   -9.53888e-17    2.66923e-33 
          -0.27   -9.72493e-17   -6.18762e-34 
         -0.265   -9.90446e-17   -1.00975e-33 
          -0.26   -1.00774e-16   -6.82757e-34 
         -0.255   -1.02438e-16   -2.50134e-34 
          -0.25   -1.04037e-16   -3.03377e-34 
         -0.245   -1.05571e-16    -2.3694e-33 
          -0.24    -1.0704e-16   -8.82334e-34 
         -0.235   -1.08443e-16   -1.95142e-33 
          -0.23   -1.09782e-16   -1.57727e-33 
         -0.225   -1.11054e-16    3.95512e-34 
          -0.22   -1.12258e-16    3.21013e-33 
         -0.215   -1.13394e-16    1.21994e-33 
          -0.21   -1.14459e-16    2.25589e-33 
         -0.205    -1.1545e-16    1.03574e-33 
           -0.2   -1.16367e-16   -1.98946e-33 
         -0.195   -1.17206e-16    1.27257e-33 
          -0.19   -1.17965e-16   -7.30085e-34 
         -0.185   -1.18644e-16    4.71278e-35 
          -0.18    -1.1924e-16   -6.38852e-35 
         -0.175   -1.19752e-16    1.43909e-33 
          -0.17   -1.20182e-16    8.77806e-34 
         -0.165   -1.20531e-16   -2.11912e-33 
          -0.16   -1.20799e-16   -8.25825e-34 
         -0.155   -1.20992e-16   -1.54367e-33 
          -0.15   -1.21113e-16    3.70451e-35 
         -0.145   -1.21169e-16    8.03899e-34 
          -0.14   -1.21167e-16   -5.90832e-35 
         -0.135   -1.21115e-16    1.04639e-34 
          -0.13   -1.21024e-16   -6.99819e-34 
         -0.125   -1.20903e-16    2.00227e-34 
          -0.12   -1.20764e-16    6.91791e-34 
         -0.115   -1.20619e-16    3.83081e-34 
          -0.11   -1.20479e-16   -1.49155e-33 
         -0.105   -1.20355e-16   -1.02306e-33 
           -0.1   -1.20256e-16   -1.04857e-34 
         -0.095   -1.20193e-16   -3.08207e-34 
          -0.09   -1.20171e-16   -2.87553e-34 
         -0.085   -1.20196e-16    2.27059e-35 
          -0.08    -1.2027e-16    1.49065e-33 
         -0.075   -1.20396e-16   -3.22291e-34 
          -0.07   -1.20571e-16   -1.14943e-34 
         -0.065   -1.20791e-16    5.83437e-34 
          -0.06   -1.21052e-16     3.2904e-34 
         -0.055   -1.21345e-16   -2.13695e-34 
          -0.05   -1.21661e-16   -4.24581e-35 
         -0.045   -1.21991e-16    6.17395e-35 
          -0.04   -1.22325e-16   -3.40482e-34 
         -0.035    -1.2265e-16    2.82226e-34 
          -0.03   -1.22958e-16   -1.51795e-34 
         -0.025   -1.23237e-16   -3.52934e-34 
          -0.02   -1.23478e-16    7.17781e-35 
         -0.015   -1.23674e-16   -1.62228e-34 
          -0.01   -1.23818e-16    1.22817e-34 
         -0.005   -1.23906e-16    3.48846e-36 
              0   -1.23933e-16    6.73611e-35 
          0.005     -1.239e-16   -1.78196e-35 
           0.01   -1.23807e-16    4.92316e-35 
          0.015   -1.23657e-16    4.39113e-35 
           0.02   -1.23453e-16   -2.60196e-35 
          0.025   -1.23203e-16    4.22426e-35 
           0.03   -1.22913e-16    8.58774e-35 
          0.035   -1.22591e-16    2.03496e-34 
           0.04   -1.22247e-16    2.78507e-34 
          0.045   -1.21891e-16    7.11518e-35 
           0.05    -1.2153e-16    2.59668e-34 
          0.055   -1.21176e-16    2.30779e-34 
           0.06   -1.20835e-16   -2.12487e-34 
          0.065   -1.20515e-16   -4.84814e-34 
           0.07   -1.20221e-16   -4.10958e-35 
          0.075   -1.19956e-16    1.24547e-34 
           0.08   -1.19723e-16   -1.15853e-34 
          0.085   -1.19521e-16    6.86839e-35 
           0.09   -1.19347e-16   -3.27658e-34 
          0.095   -1.19197e-16    2.12109e-34 
            0.1   -1.19064e-16    2.61548e-34 
          0.105   -1.18941e-16    1.01349e-33 
           0.11    -1.1882e-16   -3.52994e-34 
          0.115   -1.18693e-16   -3.69274e-34 
           0.12    -1.1855e-16   -3.32563e-34 
          0.125   -1.18385e-16    -2.6552e-35 
           0.13   -1.18189e-16     6.3138e-34 
          0.135   -1.17959e-16   -1.26019e-34 
           0.14   -1.17689e-16    6.19422e-36 
          0.145   -1.17377e-16   -6.85769e-34 
           0.15   -1.17022e-16    1.51249e-33 
          0.155   -1.16624e-16    1.57216e-33 
           0.16   -1.16185e-16    4.78254e-34 
          0.165   -1.15705e-16    2.10852e-33 
           0.17   -1.15187e-16   -7.99488e-34 
          0.175   -1.14632e-16   -4.11998e-34 
           0.18   -1.14042e-16    9.60292e-35 
          0.185   -1.13416e-16    1.22296e-33 
           0.19   -1.12755e-16    7.44359e-34 
          0.195   -1.12057e-16   -1.73173e-33 
            0.2   -1.11319e-16    1.90035e-33 
          0.205   -1.10537e-16    -5.1478e-34 
           0.21   -1.09708e-16   -2.28076e-33 
          0.215   -1.08827e-16    2.45655e-33 
           0.22   -1.07888e-16   -3.14853e-33 
          0.225   -1.06886e-16   -3.13823e-33 
           0.23   -1.05816e-16    1.52756e-33 
          0.235   -1.04672e-16    1.48262e-33 
           0.24    -1.0345e-16     8.3504e-34 
          0.245   -1.02147e-16    2.49038e-33 
           0.25    -1.0076e-16     2.9334e-34 
          0.255   -9.92866e-17    1.34228e-33 
           0.26   -9.77269e-17    6.85908e-34 
          0.265   -9.60812e-17     2.1785e-33 
           0.27    -9.4351e-17     6.4867e-34 
          0.275   -9.25389e-17   -3.19446e-33 
           0.28   -9.06484e-17    9.36934e-34 
          0.285   -8.86843e-17    1.37821e-33 
           0.29   -8.66518e-17    2.68335e-33 
          0.295    -8.4557e-17    3.26683e-33 
            0.3   -8.24066e-17   -2.60974e-33 
          0.305   -8.02077e-17     2.8697e-33 
           0.31   -7.79678e-17    2.25702e-33 
          0.315   -7.56944e-17   -7.83099e-34 
           0.32   -7.33954e-17   -2.08817e-34 
          0.325   -7.10784e-17   -1.21178e-33 
           0.33   -6.87512e-17    3.15774e-34 
          0.335   -6.64214e-17   -1.34848e-33 
           0.34   -6.40964e-17    7.68303e-34 
          0.345   -6.17835e-17    5.96255e-34 
           0.35   -5.94898e-17   -6.06394e-34 
          0.355   -5.72221e-17   -1.13537e-33 
           0.36   -5.49872e-17    3.80989e-33 
          0.365   -5.27916e-17    1.20082e-33 
           0.37   -5.06416e-17    -9.1562e-34 
          0.375    -4.8543e-17     3.1653e-33 
           0.38   -4.65016e-17    -9.2904e-34 
          0.385   -4.45225e-17   -1.01945e-33 
           0.39   -4.26103e-17   -1.39248e-33 
          0.395   -4.07694e-17    9.53234e-34 
            0.4   -3.90029e-17    2.76111e-33 
          0.405   -3.73136e-17   -1.46667e-33 
           0.41   -3.57032e-17   -6.80603e-34 
          0.415   -3.41728e-17    1.58166e-33 
           0.42   -3.27224e-17    4.10826e-33 
          0.425   -3.13512e-17    3.23416e-33 
           0.43   -3.00575e-17    5.66679e-34 
          0.435   -2.88389e-17   -2.81529e-33 
           0.44   -2.76922e-17   -8.75003e-34 
          0.445   -2.66136e-17    3.80474e-34 
           0.45    -2.5599e-17    2.13619e-33 
          0.455   -2.46437e-17    2.15063e-33 
           0.46   -2.37429e-17   -2.33081e-33 
          0.465   -2.28917e-17   -2.83493e-34 
           0.47   -2.20852e-17   -1.45621e-33 
          0.475   -2.13186e-17   -1.92551e-33 
           0.48   -2.05876e-17   -1.63299e-33 
          0.485   -1.98879e-17   -1.65727e-33 
           0.49   -1.92159e-17   -1.85435e-34 
          0.495   -1.85683e-17   -2.14837e-33 
            0.5   -1.79423e-17    5.49466e-34 
          0.505   -1.73356e-17    -7.5922e-34 
           0.51   -1.67464e-17   -3.46091e-34 
          0.515   -1.61733e-17    4.64714e-34 
           0.52   -1.56153e-17    3.45273e-35 
          0.525   -1.50716e-17    4.97758e-34 
           0.53   -1.45419e-17    2.77418e-34 
          0.535    -1.4026e-17   -3.51131e-35 
           0.54   -1.35239e-17    -2.6722e-34 
          0.545   -1.30356e-17    9.06334e-34 
           0.55   -1.25614e-17   -1.07459e-34 
          0.555   -1.21015e-17    1.58533e-33 
           0.56    -1.1656e-17    1.04291e-33 
          0.565   -1.12252e-17    6.11083e-34 
           0.57   -1.08094e-17     2.5772e-34 
          0.575   -1.04087e-17    1.07678e-33 
           0.58   -1.00233e-17    2.34521e-34 
          0.585   -9.65338e-18   -4.25377e-34 
           0.59   -9.29893e-18    2.04133e-33 
          0.595   -8.95999e-18     9.9361e-34 
            0.6   -8.63649e-18    8.03035e-34 
          0.605   -8.32825e-18    1.15884e-33 
           0.61   -8.03499e-18    4.36953e-34 
          0.615   -7.75631e-18   -1.21553e-34 
           0.62   -7.49166e-18    -8.3592e-35 
          0.625    -7.2404e-18    7.75052e-34 
           0.63   -7.00172e-18     5.7124e-34 
          0.635   -6.77474e-18   -1.19791e-33 
           0.64   -6.55847e-18   -2.16654e-34 
          0.645   -6.35188e-18   -1.44293e-33 
           0.65    -6.1539e-18    3.40942e-34 
          0.655    -5.9635e-18    6.05424e-34 
           0.66   -5.77965e-18   -1.29352e-33 
          0.665   -5.60142e-18    -6.2814e-34 
           0.67   -5.42797e-18   -7.63429e-34 
          0.675   -5.25856e-18   -5.80246e-34 
           0.68   -5.09258e-18    5.57843e-34 
          0.685   -4.92956e-18    4.87542e-34 
           0.69   -4.76913e-18    2.92753e-34 
          0.695   -4.61104e-18    1.94227e-33 
            0.7   -4.45512e-18   -1.69632e-34 
          0.705   -4.30132e-18    1.29283e-33 
           0.71    -4.1496e-18    2.59547e-34 
          0.715   -4.00002e-18    7.69846e-34 
           0.72   -3.85261e-18    1.39089e-33 
          0.725   -3.70747e-18    6.79035e-34 
           0.73   -3.56468e-18    1.53586e-33 
          0.735   -3.42432e-18   -4.95971e-34 
           0.74   -3.28645e-18    1.16322e-33 
          0.745   -3.15116e-18   -9.26186e-34 
           0.75   -3.01849e-18   -3.73894e-34 
          0.755   -2.88849e-18    3.39596e-34 
           0.76   -2.76119e-18   -4.95355e-34 
          0.765   -2.63664e-18   -1.24876e-33 
           0.77   -2.51484e-18   -9.96513e-34 
          0.775   -2.39583e-18    6.77469e-34 
           0.78   -2.27962e-18    1.35333e-33 
          0.785   -2.16623e-18   -5.07905e-34 
           0.79   -2.05566e-18    5.02275e-34 
          0.795   -1.94794e-18    -3.0993e-34 
            0.8   -1.84308e-18    5.24214e-34 
          0.805   -1.74109e-18   -5.09448e-34 
           0.81   -1.64198e-18   -1.55786e-33 
          0.815   -1.54577e-18   -3.41975e-34 
           0.82   -1.45245e-18    3.05467e-34 
          0.825   -1.36204e-18   -6.74157e-34 
           0.83   -1.27454e-18    3.73041e-34 
          0.835   -1.18993e-18     1.7442e-33 
           0.84    -1.1082e-18    2.53887e-34 
          0.845   -1.02932e-18   -8.46891e-34 
           0.85   -9.53264e-19   -1.54398e-33 
          0.855   -8.79983e-19   -5.66998e-34 
           0.86   -8.09423e-19   -1.22285e-34 
          0.865    -7.4152e-19     -1.789e-35 
           0.87     -6.762e-19    9.78187e-34 
          0.875   -6.13385e-19   -1.60508e-33 
           0.88   -5.52992e-19    6.97191e-34 
          0.885   -4.94932e-19   -5.48656e-34 
           0.89   -4.39118e-19   -9.70749e-34 
          0.895   -3.85463e-19   -1.61359e-33 
            0.9   -3.33883e-19   -1.32984e-33 
          0.905   -2.84298e-19   -6.71803e-34 
           0.91   -2.36631e-19   -8.00504e-34 
          0.915   -1.90814e-19   -9.83506e-34 
           0.92   -1.46782e-19   -1.62642e-33 
          0.925   -1.04477e-19    1.42299e-33 
           0.93    -6.3846e-20    4.00735e-34 
          0.935   -2.48404e-20    3.06863e-34 
           0.94    1.25845e-20    6.01988e-34 
          0.945    4.84701e-20    4.23828e-34 
           0.95    8.28559e-20   -1.59989e-34 
          0.955    1.15779e-19    -5.7312e-34 
           0.96    1.47277e-19   -1.02504e-33 
          0.965    1.77384e-19    1.51506e-33 
           0.97    2.06135e-19    1.74266e-34 
          0.975    2.33566e-19   -9.94728e-34 
           0.98    2.59709e-19   -2.06512e-34 
          0.985    2.84598e-19   -1.22906e-33 
           0.99    3.08266e-19    1.02583e-33 
          0.995    3.30746e-19   -5.74769e-34 
              1    3.52071e-19    6.57073e-34 
