      z,       a_n0_Re,       a_n0_Im
             -1   -2.91774e-08   -7.19282e-23 
         -0.995   -3.86984e-08    4.92194e-23 
          -0.99   -5.12216e-08    8.69767e-23 
         -0.985   -6.76446e-08    2.13918e-23 
          -0.98   -8.91125e-08    9.20091e-23 
         -0.975   -1.17075e-07   -1.56516e-23 
          -0.97   -1.53358e-07   -9.78696e-24 
         -0.965   -2.00239e-07    9.67575e-23 
          -0.96   -2.60536e-07   -1.22791e-22 
         -0.955   -3.37704e-07    7.95559e-23 
          -0.95    -4.3593e-07    1.02459e-22 
         -0.945   -5.60222e-07   -1.98053e-22 
          -0.94   -7.16492e-07     -1.702e-22 
         -0.935   -9.11594e-07    5.21893e-23 
          -0.93   -1.15333e-06   -2.21084e-22 
         -0.925   -1.45038e-06   -4.82951e-23 
          -0.92   -1.81213e-06    1.02219e-23 
         -0.915   -2.24841e-06    1.07756e-22 
          -0.91   -2.76906e-06    1.02242e-22 
         -0.905   -3.38335e-06   -2.54592e-22 
           -0.9   -4.09928e-06    1.33609e-23 
         -0.895   -4.92263e-06    6.93687e-23 
          -0.89   -5.85603e-06    1.61324e-22 
         -0.885   -6.89787e-06    2.54628e-22 
          -0.88   -8.04131e-06    5.29668e-22 
         -0.875   -9.27339e-06     1.3093e-23 
          -0.87   -1.05745e-05   -3.16249e-23 
         -0.865   -1.19181e-05    2.07178e-22 
          -0.86   -1.32712e-05   -6.61349e-23 
         -0.855   -1.45954e-05   -1.44253e-22 
          -0.85   -1.58482e-05   -2.37094e-22 
         -0.845   -1.69856e-05   -7.59449e-23 
          -0.84   -1.79643e-05    -7.9813e-23 
         -0.835   -1.87451e-05    8.39261e-23 
          -0.83   -1.92953e-05   -7.55941e-23 
         -0.825   -1.95914e-05    1.09295e-23 
          -0.82   -1.96208e-05    5.45853e-23 
         -0.815   -1.93828e-05    -6.2178e-23 
          -0.81   -1.88889e-05   -8.95344e-24 
         -0.805   -1.81612e-05   -2.48519e-22 
           -0.8   -1.72312e-05    6.44164e-23 
         -0.795   -1.61371e-05   -2.76534e-22 
          -0.79   -1.49211e-05   -7.30987e-23 
         -0.785   -1.36263e-05    2.68533e-22 
          -0.78   -1.22947e-05    3.29479e-23 
         -0.775   -1.09646e-05    2.92649e-22 
          -0.77   -9.66906e-06    1.28141e-22 
         -0.765   -8.43494e-06   -3.92616e-23 
          -0.76   -7.28263e-06     3.5739e-22 
         -0.755     -6.226e-06    2.18922e-22 
          -0.75   -5.27298e-06    2.58108e-22 
         -0.745   -4.42632e-06    4.40279e-23 
          -0.74   -3.68456e-06    -4.4597e-22 
         -0.735   -3.04298e-06     1.6383e-22 
          -0.73   -2.49457e-06    1.14382e-22 
         -0.725   -2.03087e-06   -3.33103e-22 
          -0.72   -1.64272e-06    7.78732e-23 
         -0.715    -1.3208e-06   -2.81437e-22 
          -0.71   -1.05605e-06    2.04576e-22 
         -0.705   -8.40022e-07   -2.40038e-22 
           -0.7   -6.64995e-07   -1.45627e-22 
         -0.695   -5.24116e-07   -4.87038e-23 
          -0.69   -4.11402e-07    2.48973e-22 
         -0.685   -3.21716e-07   -2.47922e-22 
          -0.68   -2.50713e-07     1.0294e-22 
         -0.675    -1.9476e-07     1.2888e-22 
          -0.67   -1.50855e-07   -6.31033e-23 
         -0.665   -1.16536e-07   -2.03157e-23 
          -0.66   -8.98061e-08    1.70215e-22 
         -0.655    -6.9055e-08    6.11885e-24 
          -0.65    -5.2993e-08    4.77463e-23 
         -0.645   -4.05939e-08    1.35715e-22 
          -0.64   -3.10458e-08   -5.11561e-23 
         -0.635    -2.3709e-08    6.29702e-23 
          -0.63   -1.80824e-08   -1.89699e-22 
         -0.625   -1.37748e-08    8.76714e-23 
          -0.62   -1.04821e-08   -8.01128e-23 
         -0.615   -7.96855e-09   -5.26014e-23 
          -0.61   -6.05206e-09    8.68357e-24 
         -0.605   -4.59239e-09   -1.40742e-23 
           -0.6   -3.48174e-09    2.47218e-23 
         -0.595   -2.63739e-09   -1.22813e-22 
          -0.59   -1.99605e-09   -3.69131e-24 
         -0.585   -1.50928e-09   -8.17221e-23 
          -0.58   -1.14011e-09   -3.48321e-23 
         -0.575   -8.60337e-10   -1.25968e-22 
          -0.57   -6.48455e-10    7.51611e-24 
         -0.565   -4.88097e-10   -2.35443e-23 
          -0.56   -3.66807e-10    3.60259e-23 
         -0.555   -2.75118e-10   -3.26153e-23 
          -0.55   -2.05839e-10   -2.79463e-23 
         -0.545   -1.53515e-10    7.12848e-23 
          -0.54   -1.14011e-10   -3.95341e-23 
         -0.535   -8.41942e-11   -4.92355e-23 
          -0.53   -6.16939e-11    1.04295e-22 
         -0.525   -4.47177e-11   -1.83715e-23 
          -0.52   -3.19112e-11    5.00536e-24 
         -0.515   -2.22515e-11     7.1987e-23 
          -0.51   -1.49661e-11   -6.10622e-23 
         -0.505   -9.47232e-12     1.3522e-23 
           -0.5   -5.33021e-12   -4.17046e-23 
         -0.495   -2.20794e-12    7.42134e-23 
          -0.49    1.44856e-13   -1.67616e-23 
         -0.485     1.9171e-12    6.30331e-23 
          -0.48    3.25131e-12   -9.65988e-24 
         -0.475    4.25505e-12    5.42526e-23 
          -0.47    5.00942e-12    3.53957e-23 
         -0.465    5.57564e-12    2.66028e-23 
          -0.46    5.99989e-12   -1.50798e-22 
         -0.455    6.31698e-12   -1.52587e-22 
          -0.45    6.55317e-12    8.13247e-23 
         -0.445    6.72827e-12   -9.95991e-23 
          -0.44    6.85721e-12     1.1815e-22 
         -0.435    6.95125e-12    6.99034e-23 
          -0.43    7.01888e-12    1.30392e-22 
         -0.425     7.0665e-12   -7.01753e-23 
          -0.42    7.09895e-12    2.84085e-24 
         -0.415    7.11986e-12   -1.02134e-22 
          -0.41    7.13199e-12    1.40875e-22 
         -0.405    7.13741e-12   -2.65659e-22 
           -0.4    7.13768e-12   -4.88116e-23 
         -0.395    7.13399e-12    2.48737e-22 
          -0.39    7.12723e-12    1.91807e-22 
         -0.385    7.11809e-12   -1.51073e-23 
          -0.38    7.10707e-12    1.07199e-22 
         -0.375    7.09457e-12    2.70007e-23 
          -0.37    7.08089e-12    -3.8691e-23 
         -0.365    7.06625e-12    3.46052e-23 
          -0.36    7.05083e-12     4.7479e-23 
         -0.355    7.03477e-12    9.21673e-23 
          -0.35    7.01816e-12    9.81221e-23 
         -0.345    7.00111e-12    3.26352e-23 
          -0.34    6.98367e-12   -9.98882e-23 
         -0.335     6.9659e-12   -1.19203e-22 
          -0.33    6.94784e-12   -1.01634e-22 
         -0.325    6.92954e-12    1.86106e-22 
          -0.32    6.91102e-12    2.09774e-22 
         -0.315    6.89232e-12    1.07059e-22 
          -0.31    6.87346e-12    4.68152e-23 
         -0.305    6.85447e-12    3.66727e-23 
           -0.3    6.83537e-12   -1.92617e-22 
         -0.295    6.81618e-12    4.16688e-23 
          -0.29    6.79693e-12    4.07261e-22 
         -0.285    6.77763e-12   -5.13945e-22 
          -0.28    6.75831e-12    3.33117e-22 
         -0.275    6.73898e-12    5.42349e-22 
          -0.27    6.71967e-12    3.03255e-22 
         -0.265    6.70041e-12    3.24695e-22 
          -0.26    6.68122e-12    2.41554e-22 
         -0.255    6.66212e-12    1.88297e-22 
          -0.25    6.64315e-12   -4.03811e-22 
         -0.245    6.62436e-12   -5.17397e-23 
          -0.24    6.60577e-12    2.18125e-23 
         -0.235    6.58746e-12   -1.26195e-22 
          -0.23    6.56948e-12    1.32056e-22 
         -0.225    6.55191e-12    7.32986e-23 
          -0.22    6.53488e-12   -1.51583e-23 
         -0.215     6.5185e-12   -1.10828e-22 
          -0.21    6.50297e-12    2.65934e-24 
         -0.205    6.48851e-12   -2.60072e-22 
           -0.2    6.47543e-12    2.94148e-22 
         -0.195    6.46412e-12    5.67011e-22 
          -0.19    6.45512e-12    1.50641e-22 
         -0.185    6.44911e-12    5.00109e-22 
          -0.18    6.44702e-12   -4.39674e-23 
         -0.175    6.45004e-12   -1.91427e-23 
          -0.17    6.45978e-12    -4.2493e-22 
         -0.165    6.47836e-12    5.97564e-22 
          -0.16    6.50857e-12   -4.78306e-22 
         -0.155    6.55411e-12    1.87396e-22 
          -0.15    6.61987e-12   -1.13999e-22 
         -0.145    6.71233e-12   -1.26185e-22 
          -0.14    6.84004e-12   -3.05931e-22 
         -0.135    7.01433e-12   -5.28635e-23 
          -0.13    7.25019e-12    1.22096e-22 
         -0.125    7.56746e-12   -3.75372e-22 
          -0.12    7.99242e-12    2.84184e-22 
         -0.115    8.55986e-12    1.21657e-22 
          -0.11    9.31593e-12    2.79105e-23 
         -0.105    1.03218e-11    1.26574e-22 
           -0.1    1.16588e-11    2.20465e-22 
         -0.095    1.34347e-11     1.4147e-22 
          -0.09    1.57928e-11   -3.69803e-22 
         -0.085    1.89239e-11   -2.51599e-22 
          -0.08    2.30811e-11    6.38591e-23 
         -0.075    2.86017e-11    2.01543e-22 
          -0.07    3.59338e-11    3.74948e-23 
         -0.065    4.56731e-11    -7.8257e-23 
          -0.06    5.86116e-11    5.09072e-23 
         -0.055    7.58002e-11   -1.07613e-22 
          -0.05    9.86338e-11   -2.46132e-22 
         -0.045    1.28961e-10   -1.26257e-22 
          -0.04    1.69229e-10    1.94151e-22 
         -0.035    2.22676e-10    2.95605e-23 
          -0.03     2.9358e-10   -1.57934e-22 
         -0.025    3.87589e-10   -1.58461e-22 
          -0.02     5.1215e-10    -2.6094e-23 
         -0.015    6.77074e-10    -2.3963e-22 
          -0.01    8.95273e-10    1.15857e-22 
         -0.005    1.18372e-09   -4.25474e-23 
              0     1.5647e-09   -2.55237e-22 
          0.005    2.06743e-09    4.49591e-23 
           0.01    2.73014e-09    9.69522e-23 
          0.015    3.60278e-09   -8.11923e-23 
           0.02    4.75044e-09    2.64575e-23 
          0.025    6.25774e-09    4.00719e-24 
           0.03    8.23434e-09    -1.5259e-22 
          0.035    1.08219e-08    -2.5163e-22 
           0.04    1.42027e-08    4.34303e-22 
          0.045    1.86103e-08    1.48828e-23 
           0.05    2.43428e-08    6.80253e-23 
          0.055    3.17788e-08   -2.58991e-22 
           0.06     4.1396e-08   -1.20726e-23 
          0.065    5.37944e-08    1.26483e-22 
           0.07    6.97224e-08    1.06266e-22 
          0.075    9.01065e-08    6.07272e-23 
           0.08    1.16085e-07   -7.46906e-23 
          0.085    1.49043e-07   -2.23392e-22 
           0.09     1.9065e-07     3.2168e-22 
          0.095    2.42894e-07    1.14132e-22 
            0.1    3.08111e-07   -4.65248e-22 
          0.105    3.89004e-07   -2.68456e-22 
           0.11    4.88646e-07   -4.33393e-23 
          0.115    6.10456e-07    1.62198e-22 
           0.12    7.58141e-07    3.22428e-22 
          0.125    9.35599e-07     -7.926e-23 
           0.13    1.14676e-06    1.75447e-22 
          0.135    1.39539e-06    2.50335e-22 
           0.14    1.68478e-06   -3.13962e-22 
          0.145    2.01747e-06    6.41431e-23 
           0.15    2.39478e-06   -1.35359e-22 
          0.155    2.81649e-06    9.93172e-23 
           0.16    3.28036e-06   -1.18707e-22 
          0.165    3.78177e-06    1.00218e-21 
           0.17    4.31348e-06   -3.23447e-22 
          0.175    4.86544e-06    4.88033e-22 
           0.18     5.4249e-06   -5.52753e-22 
          0.185    5.97668e-06   -8.84252e-22 
           0.19    6.50375e-06   -8.07567e-23 
          0.195    6.98803e-06   -1.12287e-23 
            0.2     7.4114e-06    6.58512e-23 
          0.205    7.75685e-06    2.48283e-23 
           0.21    8.00972e-06    7.55805e-23 
          0.215    8.15876e-06   -1.00191e-22 
           0.22    8.19705e-06    9.25694e-23 
          0.225    8.12257e-06    8.43196e-23 
           0.23    7.93841e-06   -1.55524e-23 
          0.235     7.6525e-06    8.05153e-23 
           0.24    7.27701e-06    3.64736e-22 
          0.245    6.82742e-06    4.64876e-22 
           0.25    6.32134e-06   -8.81718e-22 
          0.255    5.77732e-06   -1.57836e-23 
           0.26    5.21365e-06    4.87076e-22 
          0.265    4.64735e-06    4.65277e-22 
           0.27    4.09338e-06    2.42162e-23 
          0.275    3.56407e-06    -8.3835e-23 
           0.28    3.06894e-06   -2.29946e-22 
          0.285    2.61458e-06    4.35344e-22 
           0.29    2.20491e-06   -4.07245e-22 
          0.295    1.84146e-06   -2.82128e-22 
            0.3    1.52381e-06    4.57569e-23 
          0.305       1.25e-06    1.62865e-22 
           0.31    1.01699e-06    9.03903e-23 
          0.315    8.21024e-07     1.3666e-22 
           0.32    6.58027e-07   -1.44226e-22 
          0.325    5.23821e-07    5.22544e-23 
           0.33    4.14354e-07   -4.61221e-23 
          0.335    3.25837e-07    -1.4175e-22 
           0.34    2.54829e-07   -2.62653e-22 
          0.345    1.98285e-07    2.71394e-22 
           0.35    1.53563e-07    7.43756e-23 
          0.355     1.1841e-07    3.04603e-22 
           0.36    9.09361e-08    9.20958e-23 
          0.365    6.95771e-08    7.39845e-23 
           0.37     5.3052e-08   -1.57059e-22 
          0.375    4.03238e-08    1.84502e-22 
           0.38    3.05602e-08   -2.31336e-22 
          0.385     2.3099e-08    1.75219e-22 
           0.39     1.7417e-08    1.41289e-22 
          0.395    1.31037e-08   -9.41298e-23 
            0.4    9.83897e-09   -7.10617e-23 
          0.405    7.37441e-09    6.95989e-23 
           0.41    5.51837e-09    1.54178e-22 
          0.415    4.12365e-09    8.45562e-23 
           0.42    3.07764e-09   -1.15795e-22 
          0.425    2.29452e-09   -8.30158e-24 
           0.43    1.70915e-09    1.00466e-22 
          0.435    1.27222e-09   -2.99391e-23 
           0.44    9.46504e-10   -6.47548e-23 
          0.445    7.03987e-10   -7.55725e-23 
           0.45    5.23616e-10   -1.08966e-22 
          0.455    3.89606e-10    4.73752e-23 
           0.46    2.90141e-10    3.87399e-23 
          0.465    2.16387e-10   -2.22172e-23 
           0.47     1.6175e-10    4.18274e-23 
          0.475    1.21311e-10   -4.05942e-23 
           0.48    9.14079e-11    1.07605e-22 
          0.485    6.93137e-11   -1.10506e-23 
           0.49    5.30022e-11     5.5792e-23 
          0.495    4.09687e-11    1.96535e-23 
            0.5    3.20973e-11   -2.06419e-23 
          0.505    2.55608e-11   -7.68938e-23 
           0.51    2.07473e-11   -6.82587e-23 
          0.515     1.7204e-11    3.08146e-24 
           0.52    1.45968e-11   -8.08001e-23 
          0.525    1.26787e-11     7.0495e-23 
           0.53    1.12678e-11   -6.09983e-23 
          0.535      1.023e-11    9.63021e-23 
           0.54     9.4665e-12   -3.32721e-23 
          0.545    8.90444e-12     3.1382e-23 
           0.55     8.4903e-12   -3.00138e-23 
          0.555    8.18467e-12    1.71916e-23 
           0.56    7.95856e-12    9.39066e-26 
          0.565    7.79065e-12   -7.13941e-23 
           0.57    7.66524e-12    -1.0526e-22 
          0.575    7.57082e-12   -1.26541e-23 
           0.58    7.49892e-12   -1.53454e-24 
          0.585    7.44331e-12   -2.39294e-25 
           0.59    7.39943e-12   -7.47012e-23 
          0.595    7.36393e-12   -5.22277e-23 
            0.6    7.33435e-12   -1.55284e-22 
          0.605    7.30888e-12    2.57314e-23 
           0.61     7.2862e-12    8.28439e-23 
          0.615    7.26534e-12    -2.3376e-23 
           0.62     7.2456e-12   -1.20412e-22 
          0.625    7.22645e-12    1.57662e-23 
           0.63    7.20751e-12    1.36296e-22 
          0.635     7.1885e-12    4.57195e-23 
           0.64    7.16923e-12    1.43175e-22 
          0.645    7.14955e-12   -9.01827e-23 
           0.65    7.12934e-12   -1.38264e-23 
          0.655    7.10853e-12   -4.36397e-23 
           0.66    7.08707e-12   -1.05681e-22 
          0.665    7.06491e-12    3.59749e-23 
           0.67    7.04202e-12   -6.02311e-23 
          0.675     7.0184e-12     7.0771e-23 
           0.68    6.99401e-12   -1.48283e-22 
          0.685    6.96886e-12    7.36779e-23 
           0.69    6.94294e-12    4.36853e-23 
          0.695    6.91626e-12    2.14803e-22 
            0.7    6.88879e-12   -5.09389e-23 
          0.705    6.86056e-12   -4.93193e-23 
           0.71    6.83157e-12    1.04602e-22 
          0.715    6.80181e-12    1.16563e-22 
           0.72    6.77129e-12   -2.06773e-22 
          0.725    6.74002e-12   -2.29498e-22 
           0.73    6.70801e-12    2.43505e-22 
          0.735    6.67525e-12   -1.18065e-22 
           0.74    6.64176e-12    9.70789e-23 
          0.745    6.60753e-12    5.75192e-23 
           0.75    6.57259e-12   -3.61805e-22 
          0.755    6.53692e-12    3.17998e-22 
           0.76    6.50054e-12    1.54634e-22 
          0.765    6.46345e-12    4.81818e-22 
           0.77    6.42566e-12    1.78158e-22 
          0.775    6.38715e-12   -1.28334e-22 
           0.78    6.34793e-12   -2.15011e-22 
          0.785    6.30799e-12    -6.8699e-22 
           0.79    6.26732e-12    5.47451e-23 
          0.795    6.22589e-12    1.05842e-23 
            0.8    6.18368e-12   -7.48736e-23 
          0.805    6.14064e-12   -1.05441e-22 
           0.81    6.09671e-12   -1.53724e-22 
          0.815    6.05181e-12     2.1408e-23 
           0.82    6.00583e-12    5.31026e-23 
          0.825     5.9586e-12    4.66971e-24 
           0.83    5.90994e-12    4.70816e-25 
          0.835    5.85955e-12   -1.21372e-22 
           0.84    5.80709e-12   -2.25241e-22 
          0.845    5.75207e-12   -6.06538e-24 
           0.85    5.69386e-12    1.88525e-22 
          0.855    5.63163e-12   -9.95334e-23 
           0.86    5.56429e-12   -7.82212e-23 
          0.865    5.49042e-12   -2.68373e-22 
           0.87    5.40814e-12   -2.56081e-22 
          0.875    5.31501e-12   -5.27583e-22 
           0.88    5.20782e-12   -3.95369e-22 
          0.885    5.08242e-12   -1.40943e-22 
           0.89    4.93335e-12    -1.7881e-22 
          0.895     4.7535e-12    3.36412e-22 
            0.9    4.53362e-12    3.37032e-22 
          0.905     4.2616e-12   -1.48587e-23 
           0.91    3.92169e-12    1.58529e-22 
          0.915    3.49333e-12   -4.67902e-23 
           0.92    2.94971e-12   -2.65093e-22 
          0.925    2.25582e-12   -5.45049e-23 
           0.93    1.36597e-12   -6.60438e-23 
          0.935    2.20493e-13   -1.71051e-22 
           0.94   -1.25864e-12   -8.14282e-23 
          0.945   -3.17347e-12    3.07804e-23 
           0.95   -5.65756e-12   -1.38163e-22 
          0.955   -8.88585e-12    4.58713e-23 
           0.96   -1.30876e-11   -9.25442e-23 
          0.965   -1.85633e-11    3.53516e-23 
           0.97   -2.57069e-11    4.62764e-23 
          0.975   -3.50351e-11    8.18655e-24 
           0.98    -4.7225e-11    9.78397e-23 
          0.985   -6.31637e-11    1.49933e-23 
           0.99   -8.40124e-11   -1.95733e-23 
          0.995    -1.1129e-10     4.0796e-23 
              1   -1.46983e-10    6.47735e-24 
