      z,       a_n0_Re,       a_n0_Im
             -1    -7.8104e-06   -1.30479e-22 
         -0.995   -8.77503e-06       4.24e-23 
          -0.99   -9.84913e-06    1.48063e-22 
         -0.985    -1.1043e-05    -1.4727e-22 
          -0.98   -1.23675e-05    3.27461e-22 
         -0.975    -1.3834e-05    7.48904e-22 
          -0.97   -1.54539e-05    -1.1968e-21 
         -0.965    -1.7239e-05   -1.49232e-21 
          -0.96    -1.9201e-05   -4.16861e-22 
         -0.955   -2.13512e-05    4.91879e-22 
          -0.95   -2.37005e-05    4.66118e-22 
         -0.945   -2.62587e-05    6.64628e-22 
          -0.94   -2.90341e-05   -6.63894e-22 
         -0.935   -3.20335e-05   -5.63339e-22 
          -0.93   -3.52611e-05    3.85013e-22 
         -0.925   -3.87182e-05    2.58458e-22 
          -0.92   -4.24026e-05   -1.31217e-21 
         -0.915   -4.63081e-05    2.15322e-22 
          -0.91   -5.04238e-05    1.37165e-21 
         -0.905   -5.47333e-05   -1.02351e-21 
           -0.9   -5.92149e-05   -1.77606e-22 
         -0.895   -6.38404e-05    -2.7207e-21 
          -0.89   -6.85758e-05    5.67928e-22 
         -0.885   -7.33805e-05   -1.30795e-21 
          -0.88   -7.82079e-05   -1.08748e-21 
         -0.875   -8.30058e-05    5.89117e-22 
          -0.87   -8.77174e-05    4.84386e-22 
         -0.865   -9.22819e-05   -3.97888e-22 
          -0.86   -9.66362e-05    7.17317e-22 
         -0.855   -0.000100716   -8.81312e-22 
          -0.85   -0.000104458    -9.8828e-22 
         -0.845   -0.000107803    2.75972e-22 
          -0.84   -0.000110693   -3.93641e-22 
         -0.835    -0.00011308    7.03976e-22 
          -0.83   -0.000114923    2.48016e-22 
         -0.825   -0.000116191   -4.02518e-22 
          -0.82   -0.000116862   -3.43179e-22 
         -0.815   -0.000116927    2.34275e-22 
          -0.81    -0.00011639   -1.78392e-22 
         -0.805   -0.000115264    3.55214e-22 
           -0.8   -0.000113574    1.10317e-21 
         -0.795   -0.000111355   -8.79729e-22 
          -0.79   -0.000108649    1.36052e-21 
         -0.785   -0.000105509    4.88169e-22 
          -0.78   -0.000101987    9.24349e-22 
         -0.775   -9.81441e-05    1.03735e-21 
          -0.77    -9.4039e-05   -1.33564e-21 
         -0.765   -8.97321e-05   -6.18008e-24 
          -0.76   -8.52818e-05    4.50925e-22 
         -0.755   -8.07436e-05    2.88623e-22 
          -0.75   -7.61693e-05    2.19724e-22 
         -0.745   -7.16058e-05   -5.78962e-24 
          -0.74   -6.70949e-05    2.35652e-21 
         -0.735   -6.26732e-05    3.16559e-21 
          -0.73   -5.83713e-05    2.41845e-21 
         -0.725   -5.42148e-05   -2.23357e-21 
          -0.72   -5.02237e-05   -1.09252e-21 
         -0.715   -4.64132e-05   -1.68687e-21 
          -0.71   -4.27943e-05   -2.33573e-21 
         -0.705   -3.93737e-05   -3.27595e-22 
           -0.7   -3.61546e-05   -1.42972e-21 
         -0.695   -3.31375e-05    8.39709e-22 
          -0.69     -3.032e-05    4.01566e-22 
         -0.685   -2.76978e-05   -4.74708e-22 
          -0.68   -2.52649e-05    4.27883e-22 
         -0.675   -2.30142e-05    5.80864e-22 
          -0.67   -2.09374e-05   -1.30978e-21 
         -0.665   -1.90257e-05    -1.1302e-21 
          -0.66   -1.72697e-05    1.31947e-21 
         -0.655   -1.56601e-05    8.43353e-22 
          -0.65   -1.41874e-05   -7.08817e-22 
         -0.645   -1.28421e-05    -4.9292e-22 
          -0.64   -1.16153e-05     1.1033e-21 
         -0.635    -1.0498e-05    5.72066e-22 
          -0.63   -9.48187e-06    2.79472e-22 
         -0.625   -8.55875e-06   -1.04482e-21 
          -0.62   -7.72109e-06    4.24371e-23 
         -0.615   -6.96174e-06    3.56162e-22 
          -0.61   -6.27402e-06   -1.08006e-21 
         -0.605   -5.65169e-06    1.31431e-21 
           -0.6   -5.08897e-06   -9.67229e-22 
         -0.595   -4.58052e-06   -4.94794e-22 
          -0.59    -4.1214e-06   -3.54345e-22 
         -0.585   -3.70708e-06    -5.0856e-22 
          -0.58   -3.33339e-06    2.61863e-22 
         -0.575   -2.99652e-06    7.42244e-22 
          -0.57   -2.69298e-06    2.01077e-22 
         -0.565    -2.4196e-06    1.31923e-21 
          -0.56   -2.17347e-06   -5.11107e-22 
         -0.555   -1.95196e-06    8.66722e-22 
          -0.55   -1.75267e-06     1.0382e-21 
         -0.545   -1.57344e-06   -3.68284e-22 
          -0.54   -1.41229e-06    1.42853e-21 
         -0.535   -1.26743e-06    1.15454e-21 
          -0.53   -1.13725e-06   -3.25642e-23 
         -0.525    -1.0203e-06     1.2085e-21 
          -0.52   -9.15244e-07   -5.75775e-23 
         -0.515   -8.20899e-07     6.3694e-22 
          -0.51   -7.36187e-07   -9.16093e-22 
         -0.505   -6.60139e-07   -2.31191e-22 
           -0.5    -5.9188e-07    2.38289e-21 
         -0.495   -5.30621e-07   -8.74382e-22 
          -0.49   -4.75654e-07   -3.93075e-24 
         -0.485   -4.26339e-07     5.7139e-22 
          -0.48     -3.821e-07   -5.78414e-22 
         -0.475    -3.4242e-07    8.61398e-22 
          -0.47   -3.06833e-07    5.34876e-22 
         -0.465    -2.7492e-07   -3.17659e-22 
          -0.46   -2.46306e-07    4.40314e-22 
         -0.455   -2.20652e-07   -1.05046e-21 
          -0.45   -1.97653e-07    -1.1403e-23 
         -0.445   -1.77036e-07   -4.99767e-22 
          -0.44   -1.58557e-07    3.55748e-23 
         -0.435   -1.41994e-07   -3.00095e-22 
          -0.43    -1.2715e-07   -3.17643e-22 
         -0.425   -1.13847e-07    9.52457e-23 
          -0.42   -1.01926e-07    7.80245e-22 
         -0.415   -9.12429e-08   -8.59654e-22 
          -0.41   -8.16697e-08    9.19905e-22 
         -0.405    -7.3091e-08    8.70057e-22 
           -0.4   -6.54031e-08   -2.60289e-21 
         -0.395   -5.85132e-08     1.2978e-21 
          -0.39   -5.23378e-08   -7.57965e-22 
         -0.385    -4.6802e-08    -6.9933e-22 
          -0.38   -4.18387e-08   -2.14317e-21 
         -0.375   -3.73873e-08    3.14533e-22 
          -0.37   -3.33938e-08   -5.40421e-22 
         -0.365   -2.98093e-08    1.42262e-21 
          -0.36     -2.659e-08     2.4128e-21 
         -0.355   -2.36965e-08   -6.43643e-22 
          -0.35   -2.10933e-08    4.69762e-22 
         -0.345   -1.87485e-08   -2.23531e-21 
          -0.34   -1.66329e-08   -3.95887e-22 
         -0.335   -1.47207e-08    1.54592e-22 
          -0.33   -1.29879e-08    8.94615e-22 
         -0.325   -1.14132e-08    -4.2163e-22 
          -0.32   -9.97677e-09   -5.42954e-22 
         -0.315   -8.66069e-09    7.02375e-22 
          -0.31   -7.44838e-09   -2.14916e-21 
         -0.305   -6.32448e-09   -7.98982e-22 
           -0.3    -5.2747e-09     2.0508e-22 
         -0.295   -4.28558e-09    -1.5725e-22 
          -0.29   -3.34435e-09    1.05508e-21 
         -0.285   -2.43879e-09   -1.23519e-21 
          -0.28   -1.55702e-09   -3.04348e-21 
         -0.275     -6.874e-10   -9.69787e-22 
          -0.27    1.81632e-10    2.95716e-23 
         -0.265    1.06173e-09   -2.30351e-21 
          -0.26    1.96477e-09   -6.60984e-22 
         -0.255    2.90301e-09    4.78422e-22 
          -0.25    3.88926e-09    3.05711e-22 
         -0.245    4.93704e-09   -6.77653e-22 
          -0.24    6.06073e-09   -8.16913e-22 
         -0.235    7.27583e-09    2.92253e-22 
          -0.23    8.59909e-09   -9.00109e-22 
         -0.225    1.00488e-08    3.79585e-23 
          -0.22    1.16449e-08    3.92831e-22 
         -0.215    1.34094e-08    4.49053e-22 
          -0.21    1.53666e-08    6.07013e-23 
         -0.205    1.75434e-08    7.73041e-22 
           -0.2    1.99695e-08    7.65679e-22 
         -0.195    2.26783e-08   -1.78309e-21 
          -0.19    2.57066e-08    9.84625e-22 
         -0.185    2.90955e-08    2.26272e-21 
          -0.18     3.2891e-08   -3.11114e-21 
         -0.175    3.71443e-08   -1.24436e-21 
          -0.17    4.19127e-08    7.20807e-22 
         -0.165    4.72602e-08   -1.14838e-21 
          -0.16    5.32581e-08   -2.74782e-21 
         -0.155    5.99865e-08   -3.25306e-21 
          -0.15    6.75344e-08    3.45334e-21 
         -0.145    7.60017e-08    1.03621e-21 
          -0.14    8.54998e-08   -1.58017e-21 
         -0.135    9.61532e-08   -2.85687e-21 
          -0.13    1.08101e-07   -3.94104e-21 
         -0.125    1.21498e-07     1.9986e-22 
          -0.12    1.36518e-07   -1.86313e-21 
         -0.115    1.53355e-07   -1.56229e-21 
          -0.11    1.72224e-07   -1.46647e-21 
         -0.105    1.93366e-07    6.96393e-22 
           -0.1    2.17049e-07    2.46906e-22 
         -0.095    2.43573e-07   -1.76937e-22 
          -0.09     2.7327e-07    3.26844e-22 
         -0.085    3.06511e-07    2.23968e-21 
          -0.08    3.43708e-07    2.07661e-21 
         -0.075    3.85321e-07   -2.85827e-22 
          -0.07    4.31858e-07    3.67514e-21 
         -0.065    4.83887e-07    3.53981e-22 
          -0.06    5.42034e-07   -1.14122e-21 
         -0.055    6.06996e-07   -1.65727e-21 
          -0.05    6.79544e-07    1.60311e-22 
         -0.045    7.60531e-07    1.92523e-21 
          -0.04    8.50902e-07    1.38884e-21 
         -0.035    9.51697e-07    1.82983e-21 
          -0.03    1.06407e-06   -9.43292e-22 
         -0.025    1.18927e-06    -3.0101e-22 
          -0.02    1.32871e-06   -7.48834e-22 
         -0.015     1.4839e-06   -9.99372e-22 
          -0.01    1.65653e-06   -5.84365e-22 
         -0.005    1.84841e-06   -6.27352e-22 
              0    2.06154e-06    8.89851e-22 
          0.005    2.29809e-06    -1.1864e-21 
           0.01    2.56043e-06   -3.46918e-22 
          0.015    2.85109e-06    1.56336e-21 
           0.02    3.17282e-06   -6.70331e-22 
          0.025    3.52857e-06   -5.38395e-22 
           0.03    3.92149e-06   -2.14609e-21 
          0.035    4.35492e-06   -6.64907e-22 
           0.04     4.8324e-06    1.11925e-22 
          0.045    5.35765e-06    2.30795e-21 
           0.05    5.93454e-06    -6.0389e-22 
          0.055    6.56706e-06   -8.81218e-22 
           0.06     7.2593e-06    7.28177e-22 
          0.065    8.01536e-06   -2.30883e-22 
           0.07    8.83932e-06    6.63913e-22 
          0.075    9.73515e-06   -1.14433e-21 
           0.08    1.07066e-05    1.54278e-21 
          0.085    1.17571e-05    2.61618e-21 
           0.09    1.28896e-05    3.49713e-21 
          0.095    1.41064e-05   -1.99868e-21 
            0.1    1.54092e-05    9.57557e-22 
          0.105    1.67984e-05    7.09902e-22 
           0.11    1.82736e-05     1.1622e-21 
          0.115    1.98326e-05   -2.21101e-21 
           0.12    2.14719e-05   -1.32563e-21 
          0.125    2.31861e-05   -3.29804e-22 
           0.13    2.49677e-05   -1.05628e-21 
          0.135    2.68073e-05    2.26952e-22 
           0.14    2.86927e-05   -2.56443e-22 
          0.145    3.06099e-05   -1.11772e-21 
           0.15     3.2542e-05   -1.50433e-23 
          0.155    3.44702e-05   -3.41559e-22 
           0.16    3.63733e-05   -8.44512e-22 
          0.165    3.82283e-05    4.86417e-23 
           0.17     4.0011e-05    1.20375e-22 
          0.175    4.16958e-05    6.98206e-23 
           0.18    4.32571e-05   -6.04833e-22 
          0.185    4.46693e-05    4.09653e-23 
           0.19    4.59081e-05    3.83587e-22 
          0.195    4.69509e-05    1.29452e-21 
            0.2    4.77778e-05    1.60014e-21 
          0.205     4.8372e-05    1.34529e-21 
           0.21    4.87208e-05    -1.0334e-21 
          0.215     4.8816e-05    3.49658e-23 
           0.22    4.86542e-05   -1.16845e-22 
          0.225     4.8237e-05    4.85733e-22 
           0.23     4.7571e-05    4.05211e-22 
          0.235    4.66675e-05   -8.60141e-22 
           0.24    4.55423e-05   -2.17677e-22 
          0.245    4.42149e-05    4.56228e-22 
           0.25     4.2708e-05    1.16441e-21 
          0.255    4.10466e-05    5.96893e-22 
           0.26    3.92572e-05    7.82535e-22 
          0.265    3.73672e-05    1.98237e-21 
           0.27    3.54038e-05   -9.17885e-22 
          0.275    3.33934e-05    1.04232e-21 
           0.28     3.1361e-05    2.33505e-22 
          0.285    2.93297e-05   -5.49865e-22 
           0.29    2.73205e-05    2.59168e-21 
          0.295    2.53517e-05       8.23e-22 
            0.3    2.34389e-05    1.81735e-21 
          0.305    2.15952e-05    2.66827e-21 
           0.31    1.98309e-05    1.03528e-21 
          0.315    1.81538e-05   -1.20245e-21 
           0.32    1.65693e-05    1.01614e-21 
          0.325     1.5081e-05    1.21567e-21 
           0.33    1.36902e-05    7.99275e-22 
          0.335     1.2397e-05   -4.25128e-22 
           0.34    1.11998e-05    2.60074e-21 
          0.345    1.00962e-05     -2.013e-21 
           0.35    9.08267e-06    1.29313e-21 
          0.355    8.15528e-06   -7.36608e-22 
           0.36    7.30946e-06    1.17063e-21 
          0.365    6.54039e-06    7.38867e-24 
           0.37    5.84306e-06   -1.13343e-22 
          0.375    5.21243e-06   -7.62457e-22 
           0.38    4.64349e-06   -5.50005e-22 
          0.385    4.13134e-06    9.84606e-22 
           0.39    3.67127e-06   -1.40975e-22 
          0.395    3.25877e-06    6.99259e-22 
            0.4    2.88957e-06    5.80776e-23 
          0.405    2.55966e-06   -6.01371e-22 
           0.41    2.26532e-06    1.58137e-22 
          0.415    2.00307e-06    -6.7053e-23 
           0.42    1.76972e-06    4.46561e-22 
          0.425    1.56234e-06    1.76985e-21 
           0.43    1.37824e-06    6.27306e-22 
          0.435    1.21499e-06    2.27958e-22 
           0.44    1.07037e-06    2.14997e-21 
          0.445    9.42366e-07   -4.27027e-22 
           0.45     8.2917e-07    1.68034e-21 
          0.455     7.2915e-07    1.83298e-22 
           0.46     6.4084e-07    1.31242e-22 
          0.465    5.62924e-07   -4.90017e-23 
           0.47    4.94227e-07    -1.4657e-21 
          0.475    4.33696e-07   -6.23257e-22 
           0.48    3.80394e-07    1.26162e-21 
          0.485    3.33485e-07    6.83027e-22 
           0.49    2.92225e-07    2.16568e-22 
          0.495    2.55954e-07    -1.8211e-21 
            0.5    2.24084e-07   -1.23025e-21 
          0.505    1.96095e-07    1.21779e-22 
           0.51    1.71527e-07    1.80232e-21 
          0.515    1.49972e-07    4.50295e-22 
           0.52    1.31068e-07   -1.74101e-22 
          0.525    1.14497e-07   -3.09232e-22 
           0.53     9.9977e-08   -3.97936e-22 
          0.535    8.72592e-08    1.19063e-21 
           0.54    7.61245e-08   -1.29013e-21 
          0.545    6.63796e-08     3.7844e-22 
           0.55    5.78542e-08   -1.98019e-21 
          0.555    5.03982e-08   -1.64876e-21 
           0.56    4.38799e-08   -2.16283e-22 
          0.565    3.81829e-08   -2.76125e-22 
           0.57    3.32053e-08    8.82867e-22 
          0.575    2.88574e-08    -1.3568e-22 
           0.58    2.50602e-08   -4.54824e-22 
          0.585    2.17444e-08   -4.87828e-22 
           0.59    1.88494e-08    7.14447e-22 
          0.595    1.63217e-08   -1.94728e-22 
            0.6    1.41144e-08     1.3376e-22 
          0.605    1.21864e-08   -6.75442e-22 
           0.61    1.05016e-08   -3.71491e-22 
          0.615    9.02835e-09    5.22182e-22 
           0.62    7.73876e-09     7.8454e-22 
          0.625    6.60842e-09   -4.71088e-22 
           0.63    5.61587e-09    -1.1123e-23 
          0.635    4.74222e-09    1.81389e-21 
           0.64    3.97082e-09    1.17769e-21 
          0.645      3.287e-09    3.00333e-22 
           0.65    2.67779e-09   -1.62494e-21 
          0.655    2.13168e-09   -1.05322e-21 
           0.66    1.63843e-09    8.21234e-22 
          0.665    1.18892e-09   -1.09341e-21 
           0.67    7.74911e-10   -2.48178e-22 
          0.675    3.88987e-10    2.13902e-22 
           0.68    2.43749e-11    2.36569e-21 
          0.685   -3.25156e-10    1.13013e-21 
           0.69   -6.65398e-10    1.61245e-22 
          0.695    -1.0018e-09    6.97028e-22 
            0.7   -1.33957e-09   -9.49476e-22 
          0.705   -1.68372e-09    7.87456e-22 
           0.71   -2.03918e-09     4.5264e-22 
          0.715   -2.41086e-09   -9.04822e-22 
           0.72   -2.80372e-09   -5.75242e-22 
          0.725   -3.22283e-09    9.12287e-22 
           0.73   -3.67343e-09   -1.40432e-21 
          0.735   -4.16104e-09     1.1445e-21 
           0.74   -4.69147e-09   -8.36478e-22 
          0.745   -5.27093e-09   -2.80095e-22 
           0.75   -5.90609e-09    9.06109e-22 
          0.755   -6.60417e-09   -2.07341e-22 
           0.76   -7.37299e-09    4.74129e-22 
          0.765    -8.2211e-09   -6.57126e-22 
           0.77   -9.15783e-09    1.04527e-22 
          0.775   -1.01934e-08   -3.97296e-22 
           0.78   -1.13391e-08    5.30627e-22 
          0.785   -1.26072e-08     4.5869e-22 
           0.79   -1.40114e-08   -2.00208e-21 
          0.795   -1.55667e-08   -6.73605e-23 
            0.8   -1.72897e-08   -1.72618e-21 
          0.805   -1.91985e-08   -3.27685e-23 
           0.81   -2.13135e-08    2.07208e-22 
          0.815   -2.36569e-08     5.2111e-22 
           0.82   -2.62533e-08    7.05191e-24 
          0.825   -2.91298e-08   -7.30815e-23 
           0.83   -3.23165e-08   -2.24599e-22 
          0.835   -3.58466e-08    4.52451e-22 
           0.84   -3.97566e-08   -2.96803e-22 
          0.845    -4.4087e-08    7.60309e-23 
           0.85   -4.88824e-08   -4.65847e-22 
          0.855   -5.41921e-08    7.38449e-23 
           0.86   -6.00705e-08    6.73784e-22 
          0.865   -6.65777e-08    1.06699e-21 
           0.87   -7.37799e-08   -7.55621e-22 
          0.875   -8.17501e-08    -6.4898e-22 
           0.88   -9.05691e-08   -6.46179e-22 
          0.885   -1.00326e-07   -1.44936e-22 
           0.89   -1.11118e-07     1.6762e-21 
          0.895   -1.23053e-07   -3.43615e-22 
            0.9   -1.36252e-07    9.51454e-22 
          0.905   -1.50844e-07   -6.29618e-22 
           0.91   -1.66974e-07   -1.76647e-21 
          0.915   -1.84801e-07   -1.29015e-21 
           0.92     -2.045e-07   -7.45311e-22 
          0.925   -2.26264e-07   -6.38613e-23 
           0.93   -2.50303e-07    1.00861e-21 
          0.935   -2.76851e-07    2.74374e-22 
           0.94   -3.06163e-07   -6.41524e-22 
          0.945    -3.3852e-07   -6.08584e-24 
           0.95    -3.7423e-07   -1.29861e-21 
          0.955   -4.13631e-07    1.85775e-22 
           0.96   -4.57093e-07    9.03534e-23 
          0.965   -5.05024e-07    1.43456e-21 
           0.97   -5.57867e-07   -4.24917e-22 
          0.975   -6.16109e-07   -2.70084e-22 
           0.98   -6.80283e-07    1.99481e-22 
          0.985    -7.5097e-07    3.88231e-22 
           0.99   -8.28804e-07    4.24222e-22 
          0.995   -9.14477e-07   -3.49514e-22 
              1   -1.00874e-06   -2.01654e-22 
