      z,       a_n0_Re,       a_n0_Im
             -1   -6.66552e-09    2.15167e-23 
         -0.995   -9.33543e-09   -2.83705e-23 
          -0.99   -1.30453e-08    8.73865e-24 
         -0.985   -1.81831e-08   -1.15981e-23 
          -0.98   -2.52721e-08   -4.25857e-23 
         -0.975   -3.50135e-08   -5.60275e-23 
          -0.97   -4.83402e-08   -9.73814e-23 
         -0.965   -6.64838e-08   -2.08412e-23 
          -0.96   -9.10558e-08    9.24551e-23 
         -0.955   -1.24145e-07   -4.99338e-23 
          -0.95   -1.68431e-07    5.89305e-23 
         -0.945   -2.27304e-07   -7.18729e-23 
          -0.94   -3.05003e-07   -1.33207e-23 
         -0.935   -4.06738e-07    1.46791e-22 
          -0.93     -5.388e-07    2.90486e-23 
         -0.925    -7.0863e-07    -3.5509e-23 
          -0.92    -9.2481e-07   -1.79369e-22 
         -0.915   -1.19696e-06    2.71045e-23 
          -0.91   -1.53549e-06   -8.19744e-24 
         -0.905   -1.95117e-06   -7.26778e-23 
           -0.9   -2.45448e-06    1.65268e-22 
         -0.895   -3.05476e-06    8.71057e-23 
          -0.89   -3.75911e-06   -2.12577e-23 
         -0.885   -4.57117e-06   -8.58473e-23 
          -0.88   -5.48977e-06     2.9223e-22 
         -0.875   -6.50763e-06   -3.00096e-22 
          -0.87    -7.6103e-06   -4.09413e-23 
         -0.865   -8.77547e-06    -1.5594e-23 
          -0.86   -9.97296e-06    5.05749e-23 
         -0.855   -1.11654e-05   -5.00697e-23 
          -0.85   -1.23096e-05   -1.47547e-23 
         -0.845   -1.33595e-05    2.51767e-23 
          -0.84   -1.42686e-05    1.79423e-22 
         -0.835    -1.4994e-05   -1.43211e-22 
          -0.83   -1.54996e-05   -1.39607e-23 
         -0.825   -1.57597e-05   -2.00376e-23 
          -0.82   -1.57611e-05    -6.0602e-23 
         -0.815   -1.55041e-05     2.4725e-22 
          -0.81    -1.5003e-05    9.34354e-23 
         -0.805   -1.42842e-05    2.04115e-22 
           -0.8   -1.33838e-05    2.18644e-23 
         -0.795   -1.23447e-05    8.31054e-23 
          -0.79   -1.12127e-05    1.11648e-22 
         -0.785   -1.00333e-05   -1.14994e-22 
          -0.78   -8.84834e-06   -5.32465e-23 
         -0.775   -7.69446e-06   -5.26141e-22 
          -0.77   -6.60103e-06    5.76238e-23 
         -0.765   -5.58978e-06   -1.73722e-22 
          -0.76   -4.67487e-06    2.22167e-23 
         -0.755   -3.86357e-06    5.69881e-23 
          -0.75   -3.15724e-06    1.04967e-22 
         -0.745   -2.55265e-06    -2.9073e-22 
          -0.74   -2.04315e-06    2.17492e-23 
         -0.735   -1.61996e-06    5.03584e-23 
          -0.73   -1.27308e-06   -3.40576e-23 
         -0.725   -9.92246e-07    2.31566e-22 
          -0.72   -7.67426e-07   -5.39032e-23 
         -0.715   -5.89314e-07    -2.0296e-23 
          -0.71   -4.49546e-07    1.16286e-23 
         -0.705   -3.40824e-07   -1.27209e-23 
           -0.7   -2.56929e-07   -1.34438e-23 
         -0.695   -1.92668e-07    3.55479e-23 
          -0.69   -1.43777e-07    8.42529e-23 
         -0.685   -1.06811e-07    8.38661e-23 
          -0.68   -7.90218e-08    1.55436e-23 
         -0.675   -5.82408e-08    2.85295e-23 
          -0.67   -4.27761e-08    1.73533e-23 
         -0.665   -3.13192e-08    -2.1833e-23 
          -0.66    -2.2866e-08   -3.59429e-23 
         -0.655   -1.66522e-08   -1.27342e-22 
          -0.65   -1.20998e-08    6.36985e-24 
         -0.645   -8.77433e-09    9.46598e-24 
          -0.64   -6.35146e-09    5.02138e-23 
         -0.635   -4.59013e-09   -4.92372e-23 
          -0.63   -3.31215e-09    1.04428e-22 
         -0.625   -2.38639e-09    6.29266e-24 
          -0.62   -1.71672e-09    2.52559e-23 
         -0.615   -1.23289e-09   -1.17811e-23 
          -0.61   -8.83748e-10    8.48265e-24 
         -0.605   -6.32079e-10    -1.0968e-22 
           -0.6   -4.50883e-10    1.96114e-23 
         -0.595   -3.20586e-10   -1.32518e-23 
          -0.59   -2.27011e-10    3.57063e-23 
         -0.585   -1.59896e-10    4.78641e-23 
          -0.58   -1.11824e-10    3.18466e-24 
         -0.575    -7.7434e-11   -2.20416e-23 
          -0.57   -5.28597e-11    1.17626e-22 
         -0.565   -3.53157e-11    3.61195e-23 
          -0.56   -2.27989e-11     -1.373e-22 
         -0.555   -1.38724e-11     4.2883e-23 
          -0.55   -7.50681e-12    8.82324e-24 
         -0.545   -2.96687e-12   -5.75235e-23 
          -0.54    2.72081e-13    1.40513e-22 
         -0.535    2.58379e-12    1.15666e-23 
          -0.53     4.2343e-12   -1.26147e-22 
         -0.525    5.41298e-12    1.17331e-22 
          -0.52    6.25463e-12    -3.6077e-23 
         -0.515    6.85531e-12    1.90428e-22 
          -0.51    7.28353e-12   -4.94406e-23 
         -0.505    7.58821e-12   -1.16129e-22 
           -0.5    7.80435e-12    7.99806e-23 
         -0.495    7.95696e-12   -1.04508e-22 
          -0.49    8.06396e-12    6.79954e-23 
         -0.485    8.13818e-12   -6.30365e-23 
          -0.48    8.18878e-12   -4.12729e-24 
         -0.475    8.22233e-12    6.51852e-23 
          -0.47    8.24352e-12    1.18296e-22 
         -0.465    8.25571e-12   -3.36241e-23 
          -0.46     8.2613e-12     1.7034e-23 
         -0.455    8.26199e-12   -2.84619e-23 
          -0.45    8.25903e-12   -9.55564e-24 
         -0.445    8.25329e-12   -6.88001e-23 
          -0.44    8.24541e-12   -1.06695e-22 
         -0.435    8.23584e-12   -1.41323e-23 
          -0.43    8.22491e-12    2.27095e-24 
         -0.425    8.21288e-12    5.83461e-23 
          -0.42     8.1999e-12   -4.65953e-23 
         -0.415    8.18612e-12    5.26916e-23 
          -0.41    8.17164e-12    7.55512e-23 
         -0.405    8.15651e-12    1.34199e-22 
           -0.4    8.14082e-12   -1.38592e-22 
         -0.395    8.12459e-12    9.80607e-23 
          -0.39    8.10786e-12    9.56602e-23 
         -0.385    8.09068e-12   -1.77999e-23 
          -0.38    8.07306e-12   -1.94487e-22 
         -0.375    8.05503e-12   -4.70311e-23 
          -0.37    8.03661e-12   -1.67299e-22 
         -0.365    8.01783e-12    -1.1913e-22 
          -0.36     7.9987e-12    5.69328e-24 
         -0.355    7.97925e-12   -9.86146e-23 
          -0.35     7.9595e-12   -9.15317e-23 
         -0.345    7.93946e-12    1.01424e-23 
          -0.34    7.91916e-12   -4.85697e-24 
         -0.335    7.89861e-12   -3.02464e-23 
          -0.33    7.87784e-12    5.61314e-23 
         -0.325    7.85686e-12   -1.78126e-23 
          -0.32     7.8357e-12    2.64004e-22 
         -0.315    7.81436e-12    2.42347e-22 
          -0.31    7.79288e-12   -2.38804e-22 
         -0.305    7.77127e-12   -1.94238e-22 
           -0.3    7.74955e-12    1.07313e-22 
         -0.295    7.72773e-12    2.18747e-22 
          -0.29    7.70585e-12   -6.61629e-23 
         -0.285    7.68391e-12    1.62637e-22 
          -0.28    7.66194e-12    2.96022e-22 
         -0.275    7.63995e-12   -5.48035e-22 
          -0.27    7.61797e-12   -2.30343e-23 
         -0.265    7.59601e-12    6.84445e-22 
          -0.26    7.57409e-12    3.28382e-22 
         -0.255    7.55224e-12    1.24372e-21 
          -0.25    7.53047e-12    3.22478e-22 
         -0.245     7.5088e-12    5.50264e-22 
          -0.24    7.48724e-12   -4.70769e-22 
         -0.235    7.46584e-12    2.05904e-23 
          -0.23    7.44459e-12    1.99514e-22 
         -0.225    7.42354e-12   -4.16095e-23 
          -0.22     7.4027e-12    5.11075e-23 
         -0.215    7.38209e-12    1.03584e-22 
          -0.21    7.36177e-12   -5.26595e-23 
         -0.205    7.34175e-12   -3.27111e-23 
           -0.2     7.3221e-12    3.54063e-22 
         -0.195    7.30286e-12   -3.06478e-22 
          -0.19    7.28411e-12   -3.16194e-22 
         -0.185    7.26593e-12   -1.62605e-22 
          -0.18    7.24845e-12     2.3152e-22 
         -0.175    7.23181e-12    3.26401e-23 
          -0.17    7.21621e-12   -5.06591e-22 
         -0.165     7.2019e-12   -5.08441e-22 
          -0.16    7.18921e-12   -6.85294e-23 
         -0.155    7.17857e-12    2.81896e-22 
          -0.15    7.17053e-12    1.79159e-23 
         -0.145     7.1658e-12    -4.8651e-22 
          -0.14    7.16529e-12    1.51339e-22 
         -0.135    7.17017e-12    4.11816e-22 
          -0.13    7.18191e-12   -4.81656e-22 
         -0.125    7.20243e-12    -2.3521e-22 
          -0.12    7.23414e-12    4.81767e-24 
         -0.115    7.28013e-12    1.86223e-22 
          -0.11    7.34439e-12    -3.2094e-23 
         -0.105    7.43205e-12   -8.56091e-23 
           -0.1    7.54985e-12   -2.38279e-23 
         -0.095    7.70665e-12   -1.11593e-22 
          -0.09    7.91433e-12   -5.44996e-23 
         -0.085    8.18894e-12   -1.85806e-22 
          -0.08    8.55247e-12   -2.91392e-22 
         -0.075    9.03534e-12      7.909e-23 
          -0.07    9.68005e-12   -7.28178e-23 
         -0.065    1.05463e-11    1.37194e-22 
          -0.06    1.17183e-11   -2.03122e-22 
         -0.055    1.33152e-11    -1.7161e-22 
          -0.05    1.55055e-11    7.04422e-23 
         -0.045    1.85272e-11   -2.60322e-22 
          -0.04    2.27164e-11   -6.24377e-23 
         -0.035    2.85458e-11   -7.41791e-23 
          -0.03    3.66788e-11    1.79588e-22 
         -0.025    4.80439e-11   -1.72032e-23 
          -0.02    6.39374e-11   -1.24614e-22 
         -0.015    8.61654e-11    2.94605e-24 
          -0.01    1.17239e-10   -6.81673e-23 
         -0.005    1.60647e-10    4.10494e-23 
              0    2.21228e-10   -4.26425e-23 
          0.005    3.05688e-10   -8.13175e-23 
           0.01    4.23311e-10   -5.64388e-23 
          0.015    5.86937e-10    7.84978e-23 
           0.02    8.14294e-10   -9.59255e-23 
          0.025    1.12981e-09   -1.69573e-23 
           0.03    1.56706e-09     1.6522e-22 
          0.035    2.17206e-09    2.61801e-24 
           0.04    3.00759e-09    4.43989e-24 
          0.045      4.159e-09   -8.88543e-23 
           0.05    5.74174e-09    6.51657e-23 
          0.055    7.91114e-09    9.17223e-23 
           0.06     1.0875e-08   -1.48786e-22 
          0.065    1.49095e-08   -1.06869e-22 
           0.07    2.03796e-08   -1.11283e-22 
          0.075    2.77633e-08    1.85501e-22 
           0.08     3.7683e-08     2.1405e-23 
          0.085    5.09404e-08   -2.52003e-22 
           0.09    6.85595e-08   -1.80912e-22 
          0.095    9.18331e-08   -2.68796e-22 
            0.1    1.22374e-07   -6.84096e-23 
          0.105    1.62163e-07   -7.97831e-24 
           0.11    2.13599e-07    1.92724e-22 
          0.115    2.79527e-07   -9.88642e-23 
           0.12    3.63249e-07   -1.42297e-22 
          0.125      4.685e-07    2.28987e-22 
           0.13    5.99372e-07    2.58532e-22 
          0.135    7.60171e-07   -5.23893e-24 
           0.14    9.55204e-07    1.37306e-22 
          0.145    1.18847e-06   -1.47839e-22 
           0.15    1.46326e-06    2.62711e-22 
          0.155     1.7817e-06   -5.75324e-22 
           0.16    2.14421e-06   -3.73646e-22 
          0.165    2.54896e-06   -5.13684e-23 
           0.17    2.99143e-06   -3.64757e-22 
          0.175    3.46397e-06   -3.22878e-22 
           0.18    3.95571e-06   -4.64918e-22 
          0.185    4.45264e-06   -1.15938e-22 
           0.19    4.93804e-06    6.28404e-24 
          0.195    5.39332e-06   -1.53386e-22 
            0.2    5.79911e-06    3.69217e-22 
          0.205    6.13665e-06    6.32941e-24 
           0.21    6.38928e-06   -2.89877e-23 
          0.215    6.54388e-06   -3.33832e-23 
           0.22    6.59208e-06   -4.46393e-25 
          0.225    6.53107e-06    7.05959e-23 
           0.23    6.36388e-06    5.53881e-23 
          0.235    6.09913e-06   -2.63789e-22 
           0.24    5.75021e-06    1.29408e-22 
          0.245    5.33408e-06    2.07054e-22 
           0.25     4.8698e-06    -2.4724e-22 
          0.255    4.37704e-06      2.554e-23 
           0.26    3.87462e-06    1.10633e-22 
          0.265    3.37939e-06    6.45848e-22 
           0.27    2.90541e-06     6.2279e-22 
          0.275    2.46349e-06    4.90824e-22 
           0.28    2.06107e-06   -4.14509e-22 
          0.285    1.70244e-06    -2.5055e-22 
           0.29    1.38911e-06    3.63265e-24 
          0.295    1.12031e-06    1.32778e-22 
            0.3    8.93595e-07    6.92476e-23 
          0.305    7.05346e-07    1.08814e-22 
           0.31      5.513e-07   -8.79057e-25 
          0.315    4.26933e-07   -4.64085e-24 
           0.32    3.27774e-07   -2.10808e-22 
          0.325    2.49622e-07     2.5702e-22 
           0.33    1.88681e-07    1.20902e-22 
          0.335    1.41624e-07    2.90065e-22 
           0.34    1.05616e-07    7.96356e-23 
          0.345    7.82901e-08     6.4842e-23 
           0.35    5.77115e-08     6.7825e-23 
          0.355    4.23227e-08    1.02953e-22 
           0.36    3.08894e-08   -2.63217e-23 
          0.365    2.24456e-08    1.14827e-22 
           0.37    1.62441e-08   -2.58689e-22 
          0.375    1.17126e-08    2.40724e-22 
           0.38    8.41698e-09    1.16593e-22 
          0.385    6.03061e-09    1.92642e-22 
           0.39    4.30947e-09    6.75748e-23 
          0.395    3.07257e-09   -5.32796e-23 
            0.4    2.18654e-09   -8.35917e-23 
          0.405    1.55367e-09   -1.93843e-22 
           0.41    1.10275e-09    9.75441e-23 
          0.415    7.82177e-10   -2.29701e-23 
           0.42    5.54704e-10   -1.33068e-23 
          0.425     3.9356e-10    2.22144e-23 
           0.43    2.79574e-10   -8.74564e-23 
          0.435    1.99058e-10    1.39522e-22 
           0.44     1.4226e-10    1.55617e-22 
          0.445    1.02248e-10    5.57872e-23 
           0.45    7.41015e-11   -1.30957e-22 
          0.455    5.43305e-11   -5.79058e-23 
           0.46    4.04645e-11    -1.2019e-22 
          0.465     3.0755e-11   -1.87898e-22 
           0.47    2.39667e-11   -1.58562e-22 
          0.475    1.92276e-11    5.57976e-23 
           0.48    1.59234e-11   -3.56152e-23 
          0.485    1.36222e-11   -1.48592e-22 
           0.49    1.20209e-11   -7.14327e-24 
          0.495    1.09072e-11   -7.86503e-24 
            0.5    1.01329e-11    4.02238e-23 
          0.505    9.59444e-12   -1.19889e-22 
           0.51    9.21987e-12    2.38399e-24 
          0.515    8.95907e-12   -1.01966e-22 
           0.52     8.7772e-12    7.72473e-24 
          0.525    8.65002e-12    8.06681e-23 
           0.53    8.56069e-12   -4.98301e-24 
          0.535    8.49748e-12    6.87737e-23 
           0.54    8.45221e-12   -5.73291e-23 
          0.545    8.41919e-12     1.0246e-22 
           0.55    8.39442e-12    6.75914e-23 
          0.555    8.37515e-12   -7.33305e-23 
           0.56    8.35942e-12    9.53711e-23 
          0.565    8.34589e-12   -1.97724e-23 
           0.57    8.33362e-12   -1.31681e-23 
          0.575    8.32194e-12    2.30995e-23 
           0.58    8.31039e-12    4.16852e-23 
          0.585    8.29866e-12    -8.0432e-23 
           0.59    8.28653e-12    -1.3916e-23 
          0.595    8.27383e-12    1.10241e-23 
            0.6    8.26046e-12   -2.67282e-23 
          0.605    8.24635e-12    6.24431e-23 
           0.61    8.23143e-12   -1.30086e-22 
          0.615    8.21567e-12   -3.93799e-23 
           0.62    8.19905e-12   -8.51005e-23 
          0.625    8.18154e-12   -3.65435e-23 
           0.63    8.16314e-12    3.87684e-23 
          0.635    8.14383e-12     -3.924e-23 
           0.64    8.12361e-12    6.77977e-23 
          0.645    8.10248e-12   -2.15658e-22 
           0.65    8.08043e-12   -1.48155e-22 
          0.655    8.05747e-12   -1.99409e-22 
           0.66    8.03359e-12    1.74514e-24 
          0.665     8.0088e-12    -1.9636e-23 
           0.67     7.9831e-12    -1.3364e-22 
          0.675    7.95648e-12    6.33538e-24 
           0.68    7.92897e-12    3.04162e-23 
          0.685    7.90055e-12   -4.70623e-23 
           0.69    7.87123e-12   -2.54469e-23 
          0.695    7.84102e-12    3.06084e-22 
            0.7    7.80993e-12    2.39922e-23 
          0.705    7.77795e-12   -2.36256e-23 
           0.71     7.7451e-12   -1.57592e-22 
          0.715    7.71138e-12    3.25219e-23 
           0.72     7.6768e-12    2.25738e-22 
          0.725    7.64137e-12    8.74174e-23 
           0.73     7.6051e-12   -7.48494e-23 
          0.735    7.56798e-12   -1.19335e-22 
           0.74    7.53004e-12    1.56939e-22 
          0.745    7.49128e-12   -2.36231e-22 
           0.75    7.45171e-12   -2.35085e-22 
          0.755    7.41135e-12    9.05557e-23 
           0.76    7.37019e-12   -1.00326e-22 
          0.765    7.32826e-12   -1.75281e-22 
           0.77    7.28555e-12   -7.08148e-22 
          0.775     7.2421e-12    3.42348e-23 
           0.78    7.19789e-12    1.41977e-22 
          0.785    7.15295e-12   -2.27354e-22 
           0.79    7.10729e-12    3.11514e-22 
          0.795    7.06092e-12    3.25322e-22 
            0.8    7.01385e-12    2.06073e-22 
          0.805    6.96608e-12    1.48188e-23 
           0.81    6.91763e-12   -1.05898e-23 
          0.815     6.8685e-12   -7.38438e-23 
           0.82    6.81869e-12    2.25316e-23 
          0.825    6.76822e-12    9.09062e-24 
           0.83    6.71706e-12    7.82464e-24 
          0.835    6.66521e-12    1.06674e-22 
           0.84    6.61264e-12   -1.94275e-22 
          0.845    6.55933e-12   -2.36437e-24 
           0.85    6.50522e-12    5.02889e-23 
          0.855    6.45023e-12   -2.62976e-24 
           0.86    6.39426e-12   -1.15424e-22 
          0.865    6.33716e-12    6.53472e-23 
           0.87    6.27874e-12   -5.28827e-22 
          0.875    6.21873e-12    -3.0406e-22 
           0.88    6.15678e-12    1.17377e-22 
          0.885    6.09243e-12   -4.00571e-23 
           0.89    6.02508e-12    2.97179e-22 
          0.895    5.95395e-12   -1.50087e-22 
            0.9    5.87806e-12   -7.24039e-23 
          0.905    5.79615e-12   -3.30753e-22 
           0.91    5.70663e-12    7.00995e-23 
          0.915    5.60746e-12    2.94081e-23 
           0.92    5.49614e-12   -8.70747e-23 
          0.925    5.36945e-12    3.98317e-23 
           0.93     5.2234e-12    3.92597e-23 
          0.935     5.0529e-12     9.2759e-23 
           0.94    4.85147e-12     -9.955e-24 
          0.945     4.6108e-12   -6.61593e-24 
           0.95    4.32007e-12    3.89671e-23 
          0.955    3.96504e-12   -4.12057e-23 
           0.96    3.52671e-12    5.44727e-23 
          0.965    2.97941e-12    7.47568e-23 
           0.97    2.28808e-12    7.09989e-23 
          0.975    1.40437e-12    5.70323e-23 
           0.98    2.61199e-13    1.51804e-23 
          0.985     -1.235e-12   -4.15161e-24 
           0.99   -3.21492e-12    3.38686e-23 
          0.995   -5.86125e-12   -4.57039e-23 
              1   -9.42905e-12     6.2548e-23 
