      z,       b_n0_Re,       b_n0_Im
             -1,    4.87975e-08,   -8.68757e-24 
         -0.995,    2.00702e-08,   -1.48712e-22 
          -0.99,   -2.25035e-08,   -4.03982e-22 
         -0.985,   -8.28683e-08,    1.17591e-24 
          -0.98,   -1.65811e-07,   -1.72696e-22 
         -0.975,   -2.77096e-07,   -4.06955e-22 
          -0.97,   -4.23604e-07,   -1.45014e-23 
         -0.965,   -6.13478e-07,    -1.2734e-22 
          -0.96,   -8.56266e-07,   -2.29324e-22 
         -0.955,   -1.16304e-06,   -5.21148e-23 
          -0.95,   -1.54648e-06,    1.32767e-22 
         -0.945,   -2.02095e-06,   -2.22818e-22 
          -0.94,   -2.60238e-06,   -5.11255e-23 
         -0.935,   -3.30823e-06,    5.19051e-22 
          -0.93,   -4.15712e-06,   -8.77023e-26 
         -0.925,   -5.16842e-06,    -5.0681e-22 
          -0.92,   -6.36162e-06,    2.19758e-23 
         -0.915,   -7.75543e-06,    1.56541e-22 
          -0.91,   -9.36671e-06,    3.46704e-22 
         -0.905,   -1.12092e-05,   -1.14726e-22 
           -0.9,   -1.32918e-05,    4.76855e-22 
         -0.895,   -1.56172e-05,    2.43422e-22 
          -0.89,   -1.81802e-05,     1.8359e-22 
         -0.885,   -2.09657e-05,   -3.29037e-22 
          -0.88,    -2.3948e-05,    4.31062e-22 
         -0.875,   -2.70891e-05,   -8.40566e-22 
          -0.87,   -3.03391e-05,   -1.11172e-22 
         -0.865,   -3.36362e-05,    5.19065e-22 
          -0.86,   -3.69078e-05,   -3.32922e-22 
         -0.855,   -4.00736e-05,    3.25039e-22 
          -0.85,   -4.30476e-05,   -4.43997e-22 
         -0.845,   -4.57429e-05,    2.20609e-22 
          -0.84,   -4.80759e-05,    -4.2564e-23 
         -0.835,    -4.9971e-05,   -2.83074e-22 
          -0.83,    -5.1365e-05,   -2.76937e-22 
         -0.825,   -5.22112e-05,   -4.06437e-23 
          -0.82,   -5.24824e-05,   -1.93113e-22 
         -0.815,   -5.21722e-05,   -1.61585e-22 
          -0.81,   -5.12958e-05,   -8.10313e-22 
         -0.805,   -4.98884e-05,   -6.48064e-22 
           -0.8,   -4.80027e-05,   -5.83729e-23 
         -0.795,   -4.57058e-05,   -3.05085e-22 
          -0.79,   -4.30745e-05,    2.16942e-22 
         -0.785,   -4.01913e-05,    4.66477e-22 
          -0.78,   -3.71392e-05,      6.297e-22 
         -0.775,   -3.39989e-05,       1.92e-22 
          -0.77,   -3.08443e-05,    7.64679e-22 
         -0.765,   -2.77407e-05,   -2.80287e-22 
          -0.76,   -2.47431e-05,    6.57397e-22 
         -0.755,   -2.18953e-05,   -4.34381e-22 
          -0.75,   -1.92298e-05,   -3.76621e-22 
         -0.745,   -1.67687e-05,   -1.60842e-22 
          -0.74,   -1.45241e-05,   -3.75734e-22 
         -0.735,   -1.25002e-05,    3.04932e-22 
          -0.73,   -1.06943e-05,   -8.10167e-22 
         -0.725,   -9.09816e-06,   -1.77683e-22 
          -0.72,    -7.6999e-06,    5.31018e-22 
         -0.715,   -6.48485e-06,   -5.61498e-22 
          -0.71,   -5.43684e-06,   -4.76163e-22 
         -0.705,   -4.53907e-06,     1.1725e-21 
           -0.7,   -3.77482e-06,   -3.57621e-22 
         -0.695,   -3.12796e-06,   -3.73023e-22 
          -0.69,   -2.58334e-06,   -1.00859e-22 
         -0.685,   -2.12702e-06,     -5.353e-22 
          -0.68,   -1.74637e-06,    -4.0613e-22 
         -0.675,   -1.43012e-06,    2.10811e-22 
          -0.67,   -1.16835e-06,    2.16377e-22 
         -0.665,   -9.52405e-07,    3.88983e-22 
          -0.66,   -7.74822e-07,   -3.20346e-22 
         -0.655,   -6.29197e-07,   -3.66793e-24 
          -0.65,   -5.10089e-07,    -4.5388e-22 
         -0.645,     -4.129e-07,   -1.31918e-22 
          -0.64,   -3.33766e-07,    3.52964e-22 
         -0.635,   -2.69459e-07,   -1.64943e-22 
          -0.63,   -2.17295e-07,   -9.74598e-23 
         -0.625,   -1.75049e-07,   -2.02946e-22 
          -0.62,   -1.40884e-07,   -4.00192e-22 
         -0.615,   -1.13292e-07,   -4.76003e-23 
          -0.61,   -9.10333e-08,    5.88988e-23 
         -0.605,   -7.30971e-08,   -3.32144e-22 
           -0.6,   -5.86576e-08,    4.10337e-23 
         -0.595,   -4.70432e-08,    1.57489e-22 
          -0.59,   -3.77084e-08,    -2.3567e-22 
         -0.585,   -3.02111e-08,    5.99882e-23 
          -0.58,   -2.41936e-08,    3.76145e-23 
         -0.575,   -1.93667e-08,   -3.04029e-22 
          -0.57,   -1.54969e-08,    1.49803e-22 
         -0.565,   -1.23959e-08,    2.86602e-22 
          -0.56,   -9.91229e-09,    8.07059e-23 
         -0.555,   -7.92392e-09,    5.85437e-23 
          -0.55,    -6.3327e-09,    2.07686e-22 
         -0.545,   -5.05977e-09,   -4.85368e-22 
          -0.54,   -4.04181e-09,    2.15707e-22 
         -0.535,     -3.228e-09,    1.81654e-22 
          -0.53,   -2.57759e-09,    1.10426e-22 
         -0.525,   -2.05791e-09,    3.42849e-22 
          -0.52,   -1.64277e-09,    -6.5837e-23 
         -0.515,   -1.31121e-09,   -1.23221e-22 
          -0.51,   -1.04646e-09,    3.55189e-22 
         -0.505,   -8.35097e-10,   -2.02486e-22 
           -0.5,   -6.66376e-10,    1.19768e-22 
         -0.495,   -5.31715e-10,    3.28804e-22 
          -0.49,   -4.24253e-10,   -3.03434e-22 
         -0.485,   -3.38507e-10,   -1.20261e-22 
          -0.48,   -2.70096e-10,    1.77747e-22 
         -0.475,   -2.15521e-10,     -6.284e-22 
          -0.47,   -1.71989e-10,   -1.77462e-22 
         -0.465,   -1.37268e-10,   -3.57237e-23 
          -0.46,   -1.09578e-10,   -3.99007e-22 
         -0.455,   -8.74972e-11,   -1.69786e-22 
          -0.45,   -6.98905e-11,    -2.0715e-22 
         -0.445,   -5.58526e-11,   -2.18227e-22 
          -0.44,   -4.46609e-11,   -9.15801e-23 
         -0.435,   -3.57392e-11,    6.02326e-23 
          -0.43,   -2.86274e-11,    3.16331e-22 
         -0.425,   -2.29588e-11,     2.7356e-22 
          -0.42,   -1.84407e-11,   -2.36668e-22 
         -0.415,   -1.48399e-11,    2.88743e-22 
          -0.41,   -1.19702e-11,    3.55521e-22 
         -0.405,    -9.6834e-12,     4.0604e-22 
           -0.4,    -7.8611e-12,    3.79518e-22 
         -0.395,   -6.40901e-12,    3.62742e-22 
          -0.39,   -5.25197e-12,   -4.37025e-22 
         -0.385,   -4.33007e-12,    1.54654e-22 
          -0.38,   -3.59555e-12,    6.63292e-22 
         -0.375,   -3.01036e-12,   -9.45936e-23 
          -0.37,   -2.54421e-12,   -3.52154e-22 
         -0.365,   -2.17295e-12,    5.09323e-22 
          -0.36,   -1.87738e-12,   -7.91891e-23 
         -0.355,   -1.64222e-12,    2.52946e-22 
          -0.35,   -1.45533e-12,    2.54366e-22 
         -0.345,   -1.30709e-12,    7.77352e-22 
          -0.34,   -1.18987e-12,   -3.22636e-22 
         -0.335,    -1.0977e-12,   -3.23351e-22 
          -0.33,   -1.02587e-12,    1.13458e-22 
         -0.325,   -9.70793e-13,   -1.46433e-21 
          -0.32,   -9.29714e-13,   -1.27113e-21 
         -0.315,   -9.00643e-13,   -4.81381e-22 
          -0.31,   -8.82222e-13,    1.07516e-22 
         -0.305,   -8.73665e-13,   -1.08198e-22 
           -0.3,   -8.74719e-13,   -1.84096e-22 
         -0.295,   -8.85655e-13,    7.83864e-22 
          -0.29,   -9.07288e-13,   -5.25095e-22 
         -0.285,   -9.41027e-13,   -1.27408e-21 
          -0.28,   -9.88952e-13,   -1.99212e-22 
         -0.275,   -1.05394e-12,    1.52574e-22 
          -0.27,   -1.13981e-12,    7.92349e-22 
         -0.265,   -1.25157e-12,    7.77978e-22 
          -0.26,   -1.39566e-12,    7.33366e-22 
         -0.255,   -1.58032e-12,    3.42965e-22 
          -0.25,   -1.81604e-12,     6.8306e-22 
         -0.245,   -2.11617e-12,    6.69146e-22 
          -0.24,    -2.4976e-12,    7.05768e-23 
         -0.235,   -2.98169e-12,   -4.33845e-22 
          -0.23,   -3.59547e-12,   -1.20577e-22 
         -0.225,   -4.37303e-12,    2.81787e-22 
          -0.22,   -5.35741e-12,    2.52226e-22 
         -0.215,   -6.60284e-12,   -3.25968e-22 
          -0.21,   -8.17765e-12,    6.76944e-22 
         -0.205,   -1.01679e-11,    3.35019e-23 
           -0.2,   -1.26816e-11,   -6.31914e-23 
         -0.195,   -1.58549e-11,    1.57794e-24 
          -0.19,   -1.98585e-11,    1.80978e-21 
         -0.185,   -2.49067e-11,    2.32179e-21 
          -0.18,   -3.12678e-11,   -1.23188e-21 
         -0.175,   -3.92782e-11,    1.55971e-21 
          -0.17,   -4.93582e-11,   -1.49929e-21 
         -0.165,    -6.2033e-11,   -1.05065e-21 
          -0.16,   -7.79576e-11,   -2.23955e-22 
         -0.155,   -9.79474e-11,   -1.12253e-21 
          -0.15,   -1.23016e-10,   -6.18038e-22 
         -0.145,   -1.54421e-10,    2.08005e-22 
          -0.14,   -1.93719e-10,    -6.5248e-23 
         -0.135,   -2.42832e-10,    4.05213e-22 
          -0.13,   -3.04126e-10,    -2.4943e-22 
         -0.125,   -3.80509e-10,   -9.17745e-23 
          -0.12,   -4.75537e-10,   -4.79982e-22 
         -0.115,   -5.93548e-10,   -6.09964e-22 
          -0.11,    -7.3981e-10,   -2.46552e-22 
         -0.105,   -9.20693e-10,    1.73535e-22 
           -0.1,   -1.14386e-09,   -7.99889e-22 
         -0.095,   -1.41848e-09,    3.23915e-23 
          -0.09,   -1.75546e-09,    1.05877e-21 
         -0.085,   -2.16768e-09,   -5.47723e-22 
          -0.08,   -2.67021e-09,   -1.50615e-22 
         -0.075,   -3.28057e-09,    2.82002e-22 
          -0.07,   -4.01888e-09,    5.56203e-22 
         -0.065,   -4.90797e-09,    2.28123e-22 
          -0.06,   -5.97341e-09,   -1.57911e-22 
         -0.055,    -7.2433e-09,   -1.75368e-23 
          -0.05,   -8.74792e-09,   -5.38136e-22 
         -0.045,    -1.0519e-08,    7.56349e-24 
          -0.04,   -1.25887e-08,    2.67061e-22 
         -0.035,   -1.49879e-08,    2.94942e-23 
          -0.03,    -1.7744e-08,    1.51261e-22 
         -0.025,   -2.08779e-08,   -8.18303e-22 
          -0.02,   -2.44001e-08,   -3.48781e-23 
         -0.015,   -2.83057e-08,   -6.36113e-22 
          -0.01,   -3.25681e-08,    4.12167e-22 
         -0.005,   -3.71315e-08,    4.83693e-22 
              0,   -4.19017e-08,   -1.77723e-22 
          0.005,    -4.6735e-08,    2.03936e-22 
           0.01,   -5.14254e-08,    3.82732e-22 
          0.015,   -5.56898e-08,   -6.21095e-22 
           0.02,   -5.91505e-08,   -5.92799e-22 
          0.025,   -6.13157e-08,   -7.13633e-22 
           0.03,   -6.15562e-08,   -2.43769e-23 
          0.035,     -5.908e-08,     3.9999e-22 
           0.04,   -5.29023e-08,    3.48188e-22 
          0.045,   -4.18132e-08,    5.19917e-23 
           0.05,   -2.43391e-08,   -1.67062e-23 
          0.055,    1.29785e-09,    9.53486e-22 
           0.06,    3.72259e-08,    1.29964e-22 
          0.065,    8.59725e-08,    3.12124e-22 
           0.07,    1.50516e-07,   -1.31065e-22 
          0.075,    2.34336e-07,   -1.37966e-22 
           0.08,    3.41465e-07,    1.72866e-22 
          0.085,    4.76524e-07,   -8.53232e-23 
           0.09,    6.44757e-07,    2.30652e-22 
          0.095,    8.52032e-07,   -2.31088e-22 
            0.1,    1.10482e-06,    4.70068e-22 
          0.105,    1.41014e-06,     8.2599e-22 
           0.11,    1.77541e-06,    3.30862e-22 
          0.115,    2.20833e-06,   -8.60265e-22 
           0.12,    2.71655e-06,    1.50394e-23 
          0.125,    3.30737e-06,    4.41849e-22 
           0.13,    3.98732e-06,    -7.8485e-22 
          0.135,    4.76163e-06,    2.44478e-22 
           0.14,    5.63363e-06,   -1.14037e-21 
          0.145,    6.60412e-06,    3.85691e-22 
           0.15,    7.67071e-06,   -6.79208e-22 
          0.155,    8.82717e-06,    1.22333e-21 
           0.16,    1.00629e-05,   -1.03541e-21 
          0.165,    1.13626e-05,   -5.03862e-22 
           0.17,    1.27059e-05,   -7.35205e-22 
          0.175,    1.40676e-05,    5.57119e-22 
           0.18,    1.54185e-05,    1.14327e-22 
          0.185,    1.67255e-05,    1.86399e-22 
           0.19,    1.79533e-05,   -1.54228e-21 
          0.195,    1.90661e-05,    5.25249e-22 
            0.2,     2.0029e-05,    2.43243e-22 
          0.205,    2.08101e-05,    8.50015e-22 
           0.21,    2.13824e-05,     2.1455e-22 
          0.215,    2.17257e-05,    4.31773e-22 
           0.22,    2.18276e-05,    2.48094e-22 
          0.225,    2.16845e-05,   -1.32892e-22 
           0.23,    2.13019e-05,    3.09034e-22 
          0.235,    2.06941e-05,   -7.52436e-22 
           0.24,     1.9883e-05,   -7.21234e-22 
          0.245,    1.88969e-05,    4.39182e-22 
           0.25,    1.77688e-05,   -2.54527e-22 
          0.255,     1.6534e-05,    7.31532e-22 
           0.26,    1.52288e-05,   -1.28538e-21 
          0.265,     1.3888e-05,    5.94485e-22 
           0.27,    1.25441e-05,   -1.39481e-22 
          0.275,    1.12255e-05,   -2.36701e-22 
           0.28,    9.95609e-06,   -5.15462e-22 
          0.285,    8.75485e-06,   -8.04934e-22 
           0.29,    7.63567e-06,    1.24392e-21 
          0.295,     6.6077e-06,    1.87825e-21 
            0.3,     5.6758e-06,    2.85762e-23 
          0.305,    4.84112e-06,    6.51197e-22 
           0.31,    4.10182e-06,   -7.03251e-22 
          0.315,    3.45371e-06,    1.37379e-21 
           0.32,    2.89094e-06,      -1.65e-22 
          0.325,    2.40656e-06,   -2.87918e-22 
           0.33,    1.99303e-06,    2.56189e-22 
          0.335,    1.64264e-06,    -2.7979e-22 
           0.34,     1.3478e-06,   -5.36399e-22 
          0.345,    1.10128e-06,    4.68878e-22 
           0.35,    8.96377e-07,   -4.31837e-22 
          0.355,    7.26987e-07,    7.59644e-22 
           0.36,    5.87651e-07,    1.39175e-22 
          0.365,    4.73562e-07,   -8.11532e-22 
           0.37,    3.80539e-07,    7.61166e-22 
          0.375,    3.04986e-07,   -6.69506e-23 
           0.38,     2.4384e-07,    9.87622e-22 
          0.385,    1.94517e-07,    3.91384e-22 
           0.39,     1.5485e-07,    2.88041e-22 
          0.395,    1.23038e-07,    -2.4325e-22 
            0.4,    9.75892e-08,   -1.14503e-22 
          0.405,    7.72795e-08,   -7.29426e-22 
           0.41,    6.11055e-08,    2.97421e-23 
          0.415,    4.82506e-08,    6.72584e-22 
           0.42,     3.8052e-08,      -4.73e-22 
          0.425,    2.99741e-08,    3.68276e-22 
           0.43,    2.35857e-08,   -3.32686e-22 
          0.435,    1.85404e-08,   -5.30193e-22 
           0.44,    1.45609e-08,   -3.53988e-22 
          0.445,    1.14256e-08,    1.26739e-22 
           0.45,    8.95817e-09,    1.73005e-22 
          0.455,    7.01819e-09,    2.29177e-22 
           0.46,    5.49434e-09,    3.19081e-22 
          0.465,    4.29838e-09,    5.25859e-23 
           0.47,    3.36052e-09,   -9.01519e-23 
          0.475,    2.62562e-09,    2.03252e-22 
           0.48,    2.05016e-09,    2.67619e-22 
          0.485,    1.59988e-09,   -8.00741e-23 
           0.49,    1.24777e-09,    5.38132e-22 
          0.495,    9.72595e-10,   -9.31593e-23 
            0.5,    7.57682e-10,    3.47814e-22 
          0.505,    5.89929e-10,   -2.12845e-22 
           0.51,     4.5906e-10,    1.40755e-22 
          0.515,     3.5702e-10,   -2.23807e-22 
           0.52,    2.77498e-10,    2.47498e-22 
          0.525,    2.15556e-10,   -7.51971e-23 
           0.53,     1.6733e-10,    1.71704e-22 
          0.535,      1.298e-10,   -3.89284e-22 
           0.54,    1.00607e-10,   -7.54464e-22 
          0.545,    7.79094e-11,    6.12227e-22 
           0.55,     6.0269e-11,   -7.85585e-23 
          0.555,    4.65649e-11,    2.32274e-22 
           0.56,    3.59234e-11,   -1.63779e-22 
          0.565,    2.76635e-11,   -1.49551e-22 
           0.57,    2.12549e-11,   -9.35487e-23 
          0.575,    1.62848e-11,    2.37395e-22 
           0.58,    1.24321e-11,   -1.50326e-22 
          0.585,    9.44688e-12,   -1.06408e-22 
           0.59,    7.13487e-12,   -2.44762e-22 
          0.595,    5.34512e-12,    -2.9251e-22 
            0.6,    3.96037e-12,    9.00973e-23 
          0.605,    2.88955e-12,    3.79739e-22 
           0.61,    2.06198e-12,   -3.01708e-23 
          0.615,    1.42282e-12,    -4.7504e-22 
           0.62,    9.29537e-13,   -1.57078e-22 
          0.625,    5.49167e-13,    1.62035e-22 
           0.63,     2.5617e-13,   -4.53118e-22 
          0.635,    3.07702e-14,   -2.67795e-22 
           0.64,   -1.42337e-13,    2.46204e-22 
          0.645,   -2.74985e-13,    4.18345e-22 
           0.65,   -3.76314e-13,   -9.76383e-23 
          0.655,   -4.53377e-13,   -5.52493e-22 
           0.66,   -5.11603e-13,    3.73424e-22 
          0.665,   -5.55163e-13,   -3.70778e-22 
           0.67,   -5.87244e-13,   -7.97962e-23 
          0.675,   -6.10265e-13,   -1.65093e-22 
           0.68,   -6.26046e-13,   -7.50279e-22 
          0.685,   -6.35924e-13,    1.16137e-22 
           0.69,   -6.40855e-13,    3.96975e-23 
          0.695,   -6.41475e-13,   -2.87167e-22 
            0.7,   -6.38156e-13,   -1.56083e-22 
          0.705,   -6.31029e-13,   -7.80324e-23 
           0.71,   -6.20009e-13,    9.09314e-22 
          0.715,    -6.0479e-13,    3.45056e-22 
           0.72,   -5.84846e-13,    1.64262e-22 
          0.725,     -5.594e-13,   -1.43746e-21 
           0.73,     -5.274e-13,   -8.00703e-22 
          0.735,   -4.87462e-13,    -1.7889e-22 
           0.74,   -4.37808e-13,    -2.2059e-22 
          0.745,   -3.76184e-13,    4.33454e-22 
           0.75,   -2.99745e-13,    2.77043e-22 
          0.755,   -2.04925e-13,   -7.47249e-22 
           0.76,   -8.72603e-14,    7.94154e-23 
          0.765,    5.88249e-14,    1.76076e-23 
           0.77,    2.40287e-13,   -1.71975e-22 
          0.775,    4.65798e-13,   -4.97455e-22 
           0.78,    7.46163e-13,    -3.7561e-22 
          0.785,    1.09484e-12,    3.88927e-22 
           0.79,    1.52857e-12,    3.99172e-22 
          0.795,    2.06822e-12,    1.14202e-21 
            0.8,    2.73969e-12,   -6.04049e-23 
          0.805,    3.57524e-12,    -2.0148e-22 
           0.81,    4.61493e-12,    1.61015e-22 
          0.815,    5.90855e-12,   -7.51987e-23 
           0.82,    7.51792e-12,   -1.38362e-22 
          0.825,    9.51977e-12,   -7.89463e-23 
           0.83,    1.20093e-11,    7.63511e-24 
          0.835,    1.51045e-11,    1.11033e-22 
           0.84,    1.89515e-11,   -8.23376e-23 
          0.845,    2.37315e-11,    -2.9487e-22 
           0.85,    2.96685e-11,    5.13504e-23 
          0.855,    3.70393e-11,    6.44093e-22 
           0.86,    4.61862e-11,    7.00053e-22 
          0.865,    5.75313e-11,    5.86873e-22 
           0.87,    7.15952e-11,    6.26899e-22 
          0.875,    8.90189e-11,    7.45171e-22 
           0.88,    1.10591e-10,    6.45873e-22 
          0.885,     1.3728e-10,    8.41071e-23 
           0.89,    1.70272e-10,    6.00076e-22 
          0.895,    2.11023e-10,    3.00635e-22 
            0.9,    2.61307e-10,   -7.82051e-22 
          0.905,    3.23288e-10,    6.62522e-22 
           0.91,      3.996e-10,   -1.90956e-22 
          0.915,    4.93434e-10,   -5.42528e-23 
           0.92,    6.08649e-10,   -3.96253e-22 
          0.925,    7.49898e-10,    1.42026e-22 
           0.93,    9.22762e-10,    5.38734e-22 
          0.935,    1.13392e-09,   -9.91976e-23 
           0.94,    1.39131e-09,   -5.08287e-22 
          0.945,    1.70435e-09,   -1.03812e-22 
           0.95,     2.0841e-09,   -9.13685e-23 
          0.955,    2.54353e-09,   -2.13682e-23 
           0.96,    3.09766e-09,    3.14759e-23 
          0.965,    3.76381e-09,   -5.21655e-23 
           0.97,    4.56172e-09,    2.14804e-22 
          0.975,    5.51365e-09,   -1.28078e-22 
           0.98,    6.64437e-09,    -3.1026e-22 
          0.985,    7.98102e-09,    2.53827e-22 
           0.99,    9.55275e-09,   -6.79459e-23 
          0.995,    1.13902e-08,   -2.27834e-22 
              1,    1.35243e-08,   -8.13328e-24 
